-2, -2, 3, 2
-4, -3, 3, 3
-1, -3, 1, 2
-1, -1, 1, 1
-2, -1, 3, 2
-4, -3, 3, 3
-2, -1, 2, 0
-4, 0, 5, 1
-4, -4, 1, 3
0, -1, 0, 0
-2, 0, 3, 1
-3, -3, 2, 3
-1, -2, 2, 1
-4, -2, 4, 3
-4, -5, 2, 5
-1, -3, 0, 1
-2, -1, 3, 3
-3, -4, 2, 4
-2, -3, 1, 2
0, -1, 1, 0
-2, 0, 3, 1
-3, -2, 2, 4
-1, -4, 1, 4
-1, -3, 2, 3
-3, -3, 4, 4
-4, -5, 3, 5
-2, -4, 2, 3
-3, -3, 2, 3
-1, -3, 0, 3
1, -3, -2, 3
1, -4, 0, 4
0, -4, 0, 3
0, -3, 0, 2
-1, -2, 2, 2
-3, -3, 4, 3
-4, -4, 2, 4
0, -3, 0, 0
-1, 0, 3, 3
-2, -5, 0, 4
0, -2, 2, 3
-5, -4, 6, 4
-5, -3, 4, 2
-3, -1, 2, 1
-2, -1, 3, 1
-5, -1, 6, 2
-6, -3, 5, 4
-5, -4, 4, 4
-3, -4, 2, 4
-1, -4, 0, 2
0, -1, 0, 1
-1, -2, 0, 3
0, -3, 0, 2
-1, -2, 3, 2
-5, -3, 5, 3
-5, -3, 5, 4
-4, -4, 3, 4
-2, -3, 2, 1
-5, 0, 6, 2
-5, -4, 3, 4
-2, -4, 2, 3
-3, -2, 4, 2
-4, -1, 4, 2
-2, -3, 1, 4
0, -5, 0, 4
0, -2, 2, 2
-3, -3, 3, 3
-2, -1, 1, 1
-2, -1, 1, 2
0, -1, 0, 0
0, 0, 2, 0
-3, 0, 4, 1
-4, -3, 4, 4
-3, -5, 2, 4
0, -3, 0, 3
-1, -3, 1, 3
-2, -4, 2, 5
-1, -6, 0, 5
0, -4, 1, 4
-2, -4, 2, 4
-1, -3, 2, 3
-1, -3, 0, 3
0, -2, 0, 2
-1, -2, 1, 3
-1, -2, 1, 2
-1, -3, 1, 4
0, -4, 1, 4
-2, -4, 3, 3
-5, -2, 5, 1
-6, -1, 6, 1
-4, -2, 4, 2
-3, -3, 3, 4
-3, -5, 3, 4
-4, -3, 6, 1
-8, 0, 8, 0
-7, 0, 5, 1
-4, -2, 2, 2
0, -1, 0, 0
-2, 0, 5, 2
-5, -4, 4, 5
-3, -5, 2, 4
-2, -3, 0, 2
0, 0, 0, 0
-2, -1, 3, 3
-3, -4, 4, 3
-4, -3, 4, 2
-3, -2, 2, 3
-1, -4, 0, 4
0, -2, 1, 1
-4, -2, 6, 4
-6, -7, 4, 8
-2, -7, 1, 5
-1, -4, 1, 4
0, -4, 0, 1
0, 1, 2, -2
-3, 1, 3, 0
-3, 0, 3, 0
-3, -2, 0, 2
1, -1, -1, 0
0, -1, 0, 2
0, -3, 0, 4
0, -4, 0, 3
0, -1, 1, 0
-3, -1, 3, 5
0, -7, -3, 6
4, -5, -1, 5
-1, -6, 3, 6
-3, -4, 4, 1
-5, 0, 5, 0
-4, -1, 3, 2
-3, -4, 3, 4
-4, -3, 4, 1
-6, -1, 7, 3
-5, -4, 1, 4
0, -2, 1, 2
-1, -2, 1, 1
-2, 0, 4, 0
-7, 0, 8, 0
-8, -1, 6, 2
-5, -2, 4, 1
-5, 0, 7, 0
-8, 0, 6, 4
0, -8, -6, 8
12, -3, -11, -2
5, 3, -2, 0
3, -2, -5, 3
1, -7, 2, 12
-3, -11, 1, 2
0, 9, 2, -13
-5, 4, 3, 11
3, -20, -7, 15
5, -3, 1, -2
-4, -1, -3, 1
23, 14, -40, -37
35, 45, -5, -21
-20, -19, 20, 47
0, -45, -20, 17
31, 23, -24, -55
3, 59, 10, -38
-5, 15, -6, 0
14, -5, -10, 8
-10, -20, 31, 41
-23, -40, 0, 8
2, 15, 18, -5
-24, -17, 7, 22
6, -9, -11, -10
18, 34, -31, -60
38, 75, -23, -59
-10, 6, 30, 52
-18, -80, -11, 61
37, -12, -42, -34
24, 46, -1, -24
-3, 0, -4, 6
11, 0, -16, -17
24, 42, -18, -54
-9, 31, 29, 5
-17, -18, -3, 4
5, 10, 6, -8
-10, 2, 2, -2
6, 2, -4, 1
-2, -12, 6, 19
-3, -17, -1, 7
0, 0, 8, 0
-17, -6, 20, 8
-15, -4, 7, 1
-2, -5, -3, 12
9, -14, -13, 9
11, -3, -3, 2
-4, -8, 6, 13
0, -8, -6, -4
7, 20, 1, -26
-15, 18, 21, -3
-14, -6, 1, 8
4, -1, 2, -7
-21, 7, 33, 2
-23, -10, -3, 8
25, 2, -25, -11
7, 1, 3, 19
6, -26, -18, 12
11, 3, 8, -4
-23, -2, 20, 5
-9, 0, 0, -6
0, 7, 0, -2
0, -2, -2, 4
3, -7, -4, 11
5, -13, -6, 13
4, -10, 0, 8
-3, -7, 3, 9
0, -8, -4, 5
3, -3, -2, 3
4, -1, -5, 0
1, 0, 3, 1
-6, -2, 7, 3
-8, -3, 8, 2
-7, -2, 4, 2
-1, -3, -2, 3
5, -2, -4, 0
0, 1, 6, -1
-12, -1, 15, 6
-11, -7, 6, 3
-3, 2, 6, -6
-12, 7, 17, -6
-19, 4, 17, -1
-12, 1, 7, -3
-6, 2, 5, 0
-1, 0, -3, 0
6, 0, -5, 1
1, -4, 2, 9
-2, -10, 1, 6
-1, -1, 3, 0
-6, 0, 6, 1
-5, 0, 6, 0
-6, 0, 6, 0
-5, -2, 4, 3
-3, -5, 2, 7
0, -7, 0, 6
0, -3, 0, 2
0, -3, 0, 4
1, -5, -3, 6
3, -6, -1, 4
-3, -2, 7, 4
-6, -6, 3, 5
-3, -5, 4, 7
-5, -9, 2, 9
0, -5, 0, 1
0, 0, 4, 0
-6, -4, 4, 6
0, -4, 0, 0
-3, 0, 3, 3
1, -3, -6, 0
5, 1, 0, 1
-3, -6, 4, 8
-3, -7, 4, 5
-4, -5, 2, 6
0, -4, -2, 1
0, 0, 4, 3
-6, -7, 2, 8
1, -4, 0, -1
-5, 4, 12, -1
0, 0, 0, 0
-13, -2, 9, 2
-5, -1, 2, 0
-1, 0, 2, 1
-3, -2, 4, 4
-3, -3, 3, 2
-4, -1, 5, 3
-5, -4, 4, 5
-3, -5, 2, 5
-3, -3, 4, 2
-4, -1, 4, 0
-5, 0, 8, 0
-10, -2, 10, 4
-8, -5, 6, 5
-4, -5, 2, 5
0, -5, 0, 4
-2, -2, 6, 0
-12, -1, 16, 3
-14, -5, 8, 5
-2, -2, 1, 0
-3, 0, 6, 2
-6, -3, 4, 3
-3, -2, 4, 1
-6, -2, 6, 4
-5, -5, 5, 5
-6, -5, 8, 5
-8, -6, 6, 5
-3, -4, 2, 5
-2, -8, 1, 9
0, -6, 0, 2
-2, 0, 4, 2
-5, -4, 3, 5
0, -4, 0, 3
-1, -4, 2, 6
-2, -7, 1, 7
0, -6, 0, 5
-1, -5, 3, 6
-4, -8, 3, 8
-1, -7, 0, 6
-1, -6, 1, 5
0, -4, 1, 2
-3, -1, 5, 3

-5, -5, 2, 6
0, -5, -1, 2
-1, -1, 5, 3
-6, -5, 4, 6
-3, -5, 3, 5
-3, -6, 2, 8
0, -9, -1, 8
0, -6, 0, 7
-1, -7, 1, 6
-1, -4, 2, 3
-3, -3, 3, 4
-3, -4, 3, 3
-3, -2, 5, 1
-7, -1, 8, 2
-9, -2, 9, 3
-8, -3, 7, 3
-6, -4, 4, 4
-4, -3, 4, 2
-5, -3, 5, 4
-3, -5, 1, 5
0, -5, 1, 5
-2, -6, 3, 6
-4, -6, 5, 6
-4, -6, 3, 5
-3, -3, 5, 2
-7, -3, 9, 5
-7, -7, 4, 7
-2, -6, 1, 4
-2, -4, 5, 5
-6, -7, 5, 8
-3, -7, 2, 6
-3, -6, 5, 7
-6, -8, 6, 8
-5, -5, 4, 0
-6, 5, 14, -9
-23, 3, 23, 5
-12, -9, 0, 7
2, -7, -2, 12
5, -13, -10, 7
11, 4, -5, -13
-4, 14, 14, -6
-17, -3, 12, 7
-3, -5, -2, 2
4, -3, 5, 16
-18, -39, 18, 47
-5, -31, 2, 10
-13, -8, 25, 23
-24, -40, 7, 45
18, -33, -34, 5
25, 13, 3, -3
-26, -23, 25, 36
-10, -26, 1, 8
-5, 1, 12, 0
-17, -7, 18, 17
-13, -28, -11, 24
52, 7, -65, -40
29, 30, 18, 17
-36, -60, 31, 73
-28, -68, 19, 45
9, 7, -27, -59
2, 54, 36, 7
-41, -64, 6, 62
22, -21, -13, -2
-14, -9, 20, 23
-4, -16, -1, 7
-18, -20, 34, 46
-19, -49, -16, 15
43, 31, -45, -55
32, 46, -16, -17
-3, -17, 28, 52
-48, -78, 43, 75
-19, -42, 17, 21
-49, -43, 75, 78
-68, -83, 45, 51
-28, -12, 16, -13
0, 30, -8, -34
0, 0, 0, 0
0, 0, 0, 0
0, 0, 0, 0
0, 0, 0, 0
0, 0, 0, 0
0, 0, 0, 0
0, 0, 0, 0
0, 0, 0, 0
0, 0, 0, 0
0, 0, 0, 0
0, 0, 0, 0
0, 0, 0, 0
0, 0, 0, 0
0, 0, 0, 0
0, 0, 0, 0
0, 0, 0, 0
0, 0, 0, 0
0, 0, 0, 0
0, 0, 0, 0
0, 0, 0, 0
0, 0, 0, 0
0, 0, 0, 0
0, 0, 0, 0
0, 0, 0, 0
0, 0, 0, 0
0, 0, 0, 0
0, 0, 0, 0
0, 0, 0, 0
0, 0, 0, 0
0, 0, 0, 0
0, 0, 0, 0
0, 0, 0, 0
0, 0, 0, 0
0, 0, 0, 0
0, 0, 0, 0
0, 0, 0, 0
0, 0, 0, 0
0, 0, 0, 0
0, 0, 0, 0
0, 0, 0, 0
0, 0, 0, 0
0, 0, 0, 0
0, 0, 0, 0
0, 0, 0, 0
0, 0, 0, 0
0, 0, 0, 0
0, 0, 0, 0
0, 0, 0, 0
0, 0, 0, 0
0, 0, 0, 0
0, 0, 0, 0
0, 0, 0, 0
0, 0, 0, 0
0, 0, 0, 0
0, 0, 0, 0
0, 0, 0, 0
0, 0, 0, 0
0, 0, 0, 0
0, 0, 0, 0
0, 0, 0, 0
0, 0, 0, 0
0, 0, 0, 0
0, 0, 0, 0
0, 0, 0, 0
0, 0, 0, 0
0, 0, 0, 0
0, 0, 0, 0
0, 0, 0, 0
0, 0, 0, 0
0, 0, 0, 0
0, 0, 0, 0
0, 0, 0, 0
0, 0, 0, 0
0, 0, 0, 0
0, 0, 0, 0
0, 0, 0, 0
0, 0, 0, 0
0, 0, 0, 0
0, 0, 0, 0
0, 0, 0, 0
0, 0, 0, 0
0, 0, 0, 0
0, 0, 0, 0
0, 0, 0, 0
0, 0, 0, 0
0, 0, 0, 0
0, 0, 0, 0
0, 0, 0, 0
0, 0, 0, 0
0, 0, 0, 0
0, 0, 0, 0
0, 0, 0, 0
0, 0, 0, 0
0, 0, 0, 0
0, 0, 0, 0
0, 0, 0, 0
0, 0, 0, 0
0, 0, 0, 0
0, 0, 0, 0
0, 0, 0, 0
0, 0, 0, 0
0, 0, 0, 0
0, 0, 0, 0
0, 0, 0, 0
0, 0, 0, 0
0, 0, 0, 0
0, 0, 0, 0
0, 0, 0, 0
0, 0, 0, 0
0, 0, 0, 0
0, 0, 0, 0
0, 0, 0, 0
0, 0, 0, 0
0, 0, 0, 0
0, 0, 0, 0
0, 0, 0, 0
0, 0, 0, 0
0, 0, 0, 0
0, 0, 0, 0
0, 0, 0, 0
0, 0, 0, 0
0, 0, 0, 0
0, 0, 0, 0
0, 0, 0, 0
0, 0, 0, 0
0, 0, 0, 0
0, 0, 0, 0
0, 0, 0, 0
0, 0, 0, 0
0, 0, 0, 0
0, 0, 0, 0
0, 0, 0, 0
0, 0, 0, 0
0, 0, 0, 0
0, 0, 0, 0
0, 0, 0, 0
0, 0, 0, 0
0, 0, 0, 0
0, 0, 0, 0
0, 0, 0, 0
0, 0, 0, 0
0, 0, 0, 0
0, 0, 0, 0
0, 0, 0, 0
0, 0, 0, 0
0, 0, 0, 0
0, 0, 0, 0
0, 0, 0, 0
0, 0, 0, 0
0, 0, 0, 0
0, 0, 0, 0
0, 0, 0, 0
0, 0, 0, 0
0, 0, 0, 0
0, 0, 0, 0
0, 0, 0, 0
0, 0, 0, 0
0, 0, 0, 0
0, 0, 0, 0
0, 0, 0, 0
0, 0, 0, 0
0, 0, 0, 0
0, 0, 0, 0
0, 0, 0, 0
0, 0, 0, 0
0, 0, 0, 0
0, 0, 0, 0
0, 0, 0, 0
0, 0, 0, 0
0, 0, 0, 0
0, 0, 0, 0
0, 0, 0, 0
0, 0, 0, 0
0, 0, 0, 0
0, 0, 0, 0
0, 0, 0, 0
0, 0, 0, 0
0, 0, 0, 0
0, 0, 0, 0
0, 0, 0, 0
0, 0, 0, 0
0, 0, 0, 0
0, 0, 0, 0
0, 0, 0, 0
0, 0, 0, 0
0, 0, 0, 0
0, 0, 0, 0
0, 0, 0, 0
0, 0, 0, 0
0, 0, 0, 0
0, 0, 0, 0
0, 0, 0, 0
0, 0, 0, 0
0, 0, 0, 0
0, 0, 0, 0
0, 0, 0, 0
0, 0, 0, 0
0, 0, 0, 0
0, 0, 0, 0
0, 0, 0, 0
0, 0, 0, 0
0, 0, 0, 0
0, 0, 0, 0
0, 0, 0, 0
0, 0, 0, 0
0, 0, 0, 0
0, 0, 0, 0
0, 0, 0, 0
0, 0, 0, 0
0, 0, 0, 0
0, 0, 0, 0
0, 0, 0, 0
0, 0, 0, 0
0, 0, 0, 0
0, 0, 0, 0
0, 0, 0, 0
0, 0, 0, 0
0, 0, 0, 0
0, 0, 0, 0
0, 0, 0, 0
0, 0, 0, 0
0, 0, 0, 0
0, 0, 0, 0
0, 0, 0, 0

0, 16, 8, 11
-1, -24, -8, 16
5, -5, 4, 5
-7, -7, 1, 4
2, 1, -3, -1
3, 0, -4, 0
2, 1, 0, 0
-4, -1, 5, 3
-4, -3, 2, 4
0, -4, -4, 4
6, -4, -5, 5
3, -7, -1, 7
-1, -6, 4, 6
-5, -5, 4, 3
-3, -1, 3, 2
-4, -5, 3, 7
-1, -8, 1, 5
-2, 0, 7, -3
-13, 0, 13, 6
-3, -8, -7, 1
7, 5, 0, -5
-7, 0, 9, 2
-9, -3, 9, 4
-7, -5, 3, 3
0, 0, 1, 0
-4, -1, 5, 4
-3, -5, 1, 3
-2, -3, 4, 5
-3, -8, 2, 7
-1, -5, 1, 3
-1, -2, 0, 1
-2, 0, 4, 2
-5, -2, 6, 1
-8, 0, 9, 1
-7, -1, 4, 0
-2, 2, 3, -3
-6, 2, 8, 0
-7, -2, 4, 5
1, -5, -4, 3
4, -2, -2, 3
0, -4, 0, 6
0, -6, 1, 5
-4, -4, 5, 4
-5, -5, 2, 5
0, -4, 0, 1
-1, 0, 5, 0
-9, 0, 10, 0
-7, 0, 5, -2
-5, 3, 6, -1
-8, -2, 9, 5
-8, -7, 5, 7
-2, -5, 1, 2
-3, -3, 3, 3
-1, -2, 0, -1
-1, 3, 4, -2
-5, -1, 2, 3
2, -1, -3, 0
0, 0, 2, 1
-4, -2, 4, 2
-4, -1, 3, 2
-1, -4, -1, 5
4, -5, -5, 3
2, -2, 1, 3
-4, -6, 4, 6
-2, -3, 2, 0
-4, 3, 7, -3
-8, 0, 7, 1
-4, -2, 3, 1
-4, 0, 4, 2
-2, -3, 0, 4
2, -4, -2, 4
2, -3, -1, 2
0, -1, 2, 2
-2, -2, 2, 1
-3, 0, 4, 0
-7, 0, 9, 0
-12, 1, 14, -2
-15, 0, 11, 2
-5, -3, 0, 2
4, -2, -4, 2
3, -2, -1, 3
0, -5, 0, 6
0, -6, 1, 4
-3, -2, 3, 0
-4, 0, 4, 0
-3, -2, 2, 2
-1, -1, 2, 0
-5, 0, 7, 0
-6, -2, 4, 3
-2, -4, 1, 3
0, -3, 0, 1
-2, 0, 8, -4
-14, 3, 16, 0
0, 0, 0, 0
0, 0, 0, 0
0, 0, 0, 0
0, 0, 0, 0
0, 0, 0, 0
0, 0, 0, 0
0, 0, 0, 0
0, 0, 0, 0
0, 0, 0, 0
0, 0, 0, 0
0, 0, 0, 0
0, 0, 0, 0
0, 0, 0, 0
0, 0, 0, 0
0, 0, 0, 0
0, 0, 0, 0
0, 0, 0, 0
0, 0, 0, 0
0, 0, 0, 0
0, 0, 0, 0
0, 0, 0, 0
0, 0, 0, 0
0, 0, 0, 0
0, 0, 0, 0
0, 0, 0, 0
0, 0, 0, 0
0, 0, 0, 0
0, 0, 0, 0
0, 0, 0, 0
0, 0, 0, 0
0, 0, 0, 0
0, 0, 0, 0
0, 0, 0, 0
0, 0, 0, 0
0, 0, 0, 0
0, 0, 0, 0
0, 0, 0, 0
0, 0, 0, 0
0, 0, 0, 0
0, 0, 0, 0
0, 0, 0, 0
0, 0, 0, 0
0, 0, 0, 0
0, 0, 0, 0
0, 0, 0, 0
0, 0, 0, 0
0, 0, 0, 0
0, 0, 0, 0
0, 0, 0, 0
0, 0, 0, 0
0, 0, 0, 0
0, 0, 0, 0
0, 0, 0, 0
0, 0, 0, 0
0, 0, 0, 0
0, 0, 0, 0
0, 0, 0, 0
0, 0, 0, 0
0, 0, 0, 0
0, 0, 0, 0
0, 0, 0, 0
0, 0, 0, 0
0, 0, 0, 0
0, 0, 0, 0
0, 0, 0, 0
0, 0, 0, 0
0, 0, 0, 0
0, 0, 0, 0
0, 0, 0, 0
0, 0, 0, 0
0, 0, 0, 0
0, 0, 0, 0
0, 0, 0, 0
0, 0, 0, 0
0, 0, 0, 0
0, 0, 0, 0
0, 0, 0, 0
0, 0, 0, 0
0, 0, 0, 0
0, 0, 0, 0
0, 0, 0, 0
0, 0, 0, 0
0, 0, 0, 0
0, 0, 0, 0
0, 0, 0, 0
0, 0, 0, 0
0, 0, 0, 0
0, 0, 0, 0
0, 0, 0, 0
0, 0, 0, 0
0, 0, 0, 0
0, 0, 0, 0
0, 0, 0, 0
0, 0, 0, 0
0, 0, 0, 0
0, 0, 0, 0
0, 0, 0, 0
0, 0, 0, 0
0, 0, 0, 0
0, 0, 0, 0
0, 0, 0, 0
0, 0, 0, 0
0, 0, 0, 0
0, 0, 0, 0
0, 0, 0, 0
0, 0, 0, 0
0, 0, 0, 0
0, 0, 0, 0
0, 0, 0, 0
0, 0, 0, 0
0, 0, 0, 0
0, 0, 0, 0
0, 0, 0, 0
0, 0, 0, 0
0, 0, 0, 0
0, 0, 0, 0
0, 0, 0, 0
0, 0, 0, 0
0, 0, 0, 0
0, 0, 0, 0
0, 0, 0, 0
0, 0, 0, 0
0, 0, 0, 0
0, 0, 0, 0
0, 0, 0, 0
0, 0, 0, 0
0, 0, 0, 0
0, 0, 0, 0
0, 0, 0, 0
0, 0, 0, 0
0, 0, 0, 0
0, 0, 0, 0
0, 0, 0, 0
0, 0, 0, 0
0, 0, 0, 0
0, 0, 0, 0
0, 0, 0, 0
0, 0, 0, 0
0, 0, 0, 0
0, 0, 0, 0
0, 0, 0, 0
0, 0, 0, 0
0, 0, 0, 0
0, 0, 0, 0
0, 0, 0, 0
0, 0, 0, 0
0, 0, 0, 0
0, 0, 0, 0
0, 0, 0, 0
0, 0, 0, 0
0, 0, 0, 0
0, 0, 0, 0
0, 0, 0, 0
0, 0, 0, 0
0, 0, 0, 0
0, 0, 0, 0
0, 0, 0, 0
0, 0, 0, 0
0, 0, 0, 0
0, 0, 0, 0
0, 0, 0, 0
0, 0, 0, 0
0, 0, 0, 0
0, 0, 0, 0
0, 0, 0, 0
0, 0, 0, 0
0, 0, 0, 0
0, 0, 0, 0
0, 0, 0, 0
0, 0, 0, 0
0, 0, 0, 0
0, 0, 0, 0
0, 0, 0, 0
0, 0, 0, 0
0, 0, 0, 0
0, 0, 0, 0
0, 0, 0, 0
0, 0, 0, 0
0, 0, 0, 0
0, 0, 0, 0
0, 0, 0, 0
0, 0, 0, 0
0, 0, 0, 0
0, 0, 0, 0
0, 0, 0, 0
0, 0, 0, 0
0, 0, 0, 0
0, 0, 0, 0
0, 0, 0, 0
0, 0, 0, 0
0, 0, 0, 0
0, 0, 0, 0
0, 0, 0, 0
0, 0, 0, 0
0, 0, 0, 0
0, 0, 0, 0
0, 0, 0, 0
0, 0, 0, 0
0, 0, 0, 0
0, 0, 0, 0
0, 0, 0, 0
0, 0, 0, 0
0, 0, 0, 0
0, 0, 0, 0
0, 0, 0, 0
0, 0, 0, 0
0, 0, 0, 0

4, 0, -2, 2
1, -4, -2, 5
3, -3, -2, 0
0, 0, 3, 0
-5, -1, 4, 3
-2, -3, 0, 1
0, -1, 0, 2
1, -4, -1, 4
0, -4, 1, 4
-2, -3, 2, 2
-4, -1, 5, 1
-5, -2, 3, 2
0, -1, 0, 0
0, 0, 0, 1
0, 0, 0, -2
-1, 4, 3, -2
-4, 0, 1, 1
0, 0, 1, 0
-3, -2, 4, 5
-3, -6, 2, 5
-3, -4, 5, 5
-7, -6, 9, 5
-10, -3, 10, 2
-7, -1, 3, 0
0, 0, 0, 0
1, 0, -1, 0
0, 2, 4, -4
-10, 3, 13, 0
-10, -2, 4, 0
-1, 2, 2, -2
-3, 0, 0, 2
5, -4, -11, 5
16, -4, -14, 0
6, 0, 1, 1
-4, -4, 2, 4
0, -3, 0, 0
-1, -1, 3, 2
-3, -4, 0, 4
1, -2, -2, 0
0, 0, 2, 0
-6, 1, 8, -1
-8, 2, 7, -2
-4, 2, 2, -2
-1, 2, 0, 0
2, 0, -3, -2
0, 3, 4, -1
-7, -1, 7, 4
-3, -3, 2, 1
-3, 0, 5, 1
-5, -2, 4, 1
-4, 0, 5, -1
-6, 0, 4, 0
-2, -1, 0, 2
1, -2, -2, 2
1, -2, 0, 2
-1, -2, 1, 2
0, 0, -1, -1
1, 4, 0, -5
-5, 3, 8, -1
-8, 0, 7, 1
-6, -2, 4, 3
-2, -3, 0, 2
1, 0, -1, 1
1, -2, -2, 3
3, -1, -3, -1
1, 2, 0, -1
-2, 0, 3, 1
-4, -1, 3, 1
-2, -2, 1, 1
0, 0, 0, -1
-3, 1, 6, 0
-7, -3, 4, 3
0, 0, 0, -1
0, 1, 0, -1
0, 2, 0, -3
0, 3, 2, -1
-4, 0, 5, 2
-4, -1, 2, 1
-2, 0, 3, 0
-3, -2, 2, 3
-1, -1, 3, -2
-8, 2, 10, 0
-8, -2, 2, 2
0, 0, -1, 0
0, -1, 0, 0
1, 1, 0, -2
-2, 2, 5, 0
-6, -2, 3, 2
-1, 0, 0, 0
0, -1, -1, 2
1, -2, 0, 1
0, -2, 1, 2
-2, 0, 4, 0
-7, -2, 7, 4
-4, -3, 1, 0
0, 2, 1, -2
-2, 0, 3, 0
-2, -1, 1, 0
-1, 0, 2, 0
-3, -1, 3, 2
-1, -3, 0, 2
0, 0, 2, -4
-7, 4, 9, 0
-6, -2, 0, 2
4, -1, -5, 2
5, -3, -4, 3
2, -1, 0, 1
-3, -2, 2, 2
-1, 0, 0, -1
-1, 0, 1, 2
0, -5, -1, 6
2, -7, -3, 6
5, -5, -6, 2
5, 0, -2, 0
0, 0, 1, 1
0, -1, 0, 1
1, 0, 0, 0
0, 0, 0, 1
-1, -2, 0, 1
0, -1, 0, 0
-1, 0, 0, 2
0, -2, -1, 0
0, 0, 1, 1
0, -3, -1, 4
4, -2, -4, 1
3, -1, -2, 2
1, -2, 0, 2
0, -2, 1, 2
-2, -3, 2, 3
0, -3, -1, 2
1, -1, 0, 1
0, -1, 0, 2
1, 0, 0, -2
-3, 3, 7, 0
-6, -3, 2, 2
0, 0, 0, 0
-1, 0, 1, 0
-1, 0, 2, 1
-3, -3, 3, 5
-2, -5, 0, 3
0, 0, 1, -3
-5, 2, 7, 0
-4, -1, 1, 0
0, 0, 0, 0
1, -1, -3, 0
4, 1, -2, 0
0, -1, 0, 2
0, -1, 1, -1
-5, 4, 11, -6
-16, 4, 15, 0
-8, -1, 1, 0
2, 2, -2, -2
0, 0, 2, 2
-2, -2, 4, 1
-7, 0, 9, 1
-7, -2, 3, 3
0, -1, -1, 0
1, 0, 0, 0
0, 0, 0, 0
-1, 0, 1, 0
-1, 0, 0, 0
0, 0, 0, 0
0, -1, 0, 2
0, -2, 0, 2
0, -1, 0, 1
-1, -1, 2, 0
-2, 0, 3, -1
-3, 1, 3, -1
-3, 0, 3, 4
-1, -7, -3, 6
6, -2, -6, -2
2, 2, 0, -1
0, 0, 0, -2
-1, 4, 4, -2
-6, 0, 4, 1
-1, 0, 0, -2
-1, 2, 2, -1
-2, 0, 1, 1
0, 0, -1, 0
1, -1, 0, 2
0, -2, 0, 2
0, -1, 0, 0
-2, 0, 3, 0
-1, 0, 0, 0
0, 0, -1, 0
0, 0, 1, 1
-2, -4, 0, 5
1, -3, -1, 0
-1, 3, 5, -3
-6, 2, 5, 0
-2, 0, 0, 1
1, -1, 0, 1
-3, -2, 4, 3
-1, -4, -2, 2
5, 0, -3, 0
-3, -4, 7, 10
-6, -11, 1, 7
1, 0, 0, -3
-3, 3, 5, 0
-3, 0, 2, 0
-3, -1, 3, 3
-2, -5, 0, 5
0, -4, 2, 3
-7, -4, 9, 6
-9, -7, 7, 6
-5, -4, 1, 1
3, 4, -6, -11
2, 13, 0, -10
-1, 8, 2, -7
-6, 4, 9, -2
-8, 4, 4, -7
0, 6, -6, 1
17, -3, -27, -6
26, 19, -15, -21
4, 12, -1, -4
5, 6, -8, -12
8, 15, -5, -15
2, 14, 0, -13
-4, 11, 6, -8
-5, 7, 7, -4
-11, -2, 10, 10
-4, -16, -4, 18
9, -21, -9, 26
2, -33, 10, 38
-16, -39, 8, 31
8, -13, -16, -6
6, 12, 11, -6
-23, 3, 29, -8
-35, 8, 34, 0
-19, -3, 0, -5
4, 15, 8, -12
-21, 0, 18, 7
-1, -2, -17, -10
28, 23, -22, -27
4, 13, 4, 8
1, -19, -11, 12
10, -2, -3, -1
0, 4, -2, -9
2, 15, 4, -16
-15, 8, 21, 1
-17, -3, 15, -2
-18, 2, 18, 4
-9, -7, -3, 1
9, 6, -7, -8
1, 4, 2, 0
-3, -2, 4, 0
-7, 0, 11, 1
-11, -4, 7, 3
-1, 3, 0, -11
-2, 12, 5, -7
-3, 0, -2, 2
8, 0, -5, -7
-5, 7, 17, 2
-20, -12, 11, 13
0, -5, 0, -1
-6, 0, 13, 7
-13, -10, 9, 6
-5, 0, 5, -2
-5, 6, 6, -11
-10, 14, 15, -10
-13, 4, 3, -3
4, 5, -5, -4
3, 0, -4, 4
6, 0, -1, -6
-13, 5, 23, 2
-19, -6, 8, 3
-3, 1, 4, 0
-4, -3, 1, 4
1, -2, 0, 0
-7, -2, 10, 7
-7, -8, 0, 4
0, 0, 0, 0
3, 0, -2, -1
1, 0, -3, 0
5, 2, -6, -5
4, 5, -2, -1
2, 0, -3, 0
1, -1, 1, 3
0, -4, -2, 1
3, 1, -2, 0
2, -1, -6, 0
8, 2, -4, -1
1, -3, -1, 6
3, -3, -1, -1
-4, 3, 9, -2
-11, 0, 8, 0
-3, 0, 1, -2
-3, 1, 7, 4
-6, -8, 0, 7
3, -2, -1, 0
-3, 0, 5, 2
-3, -3, 0, 1
2, 1, -2, -2
1, 1, 0, 0
0, -1, 0, 0
0, 3, 3, -5
-7, 1, 7, 3
-2, -5, -2, 3
3, -1, 0, 3
0, -5, 0, 4

0, -1, 3, 0
-2, 0, 0, 0
1, 1, -1, -1
0, 0, 0, 0
0, -1, 0, 1
0, -1, 0, 2
0, -2, 2, 3
-3, -4, 3, 4
-2, -3, 2, 1
-2, 0, 1, 0
-1, 0, 1, 0
0, 1, 0, -4
-3, 4, 4, 0
-2, -2, -1, 2
2, 0, 0, 1
0, -2, -1, 2
2, -1, -1, 0
0, -2, 0, 4
0, -6, -1, 7
4, -6, -7, 2
6, 0, -3, 0
1, -1, -1, 2
3, -2, -4, 0
2, 0, -1, 0
0, -1, 0, 0
0, 0, 0, -3
1, 5, 0, -5
-2, 1, 4, 2
-2, -4, 1, 3
0, -2, 0, 2
0, -2, 0, 2
1, -2, -1, 2
3, -3, -4, 2
4, -1, -3, 1
3, -1, -2, 1
0, -2, 2, 4
-3, -4, 3, 1
-4, 2, 7, -3
-8, 1, 6, 0
-1, 1, -1, -3
0, 3, 2, 0
-3, -2, 0, 3
3, -1, -4, 0
2, 0, 0, 0
0, -1, -1, 1
0, -2, 1, 4
-2, -6, 1, 5
0, -3, 0, 1
0, -1, 0, 2
0, -1, -2, 0
2, 0, -1, 0
1, 0, 0, -1
-1, 0, 3, 0
-3, 0, 3, 1
-2, -2, 2, 3
-2, -3, 1, 3
0, -1, 0, -1
0, 1, 0, 0
0, -1, 0, 3
0, -4, 0, 4
0, -4, 1, 3
-1, -2, 1, 1
-1, -1, 0, 1
1, 0, -1, -1
0, 2, 0, -1
0, 0, -3, 2
4, -2, -4, 2
2, -2, 0, 3
-1, -3, 1, 3
0, -2, 0, 1
0, 0, 0, 1
1, 0, -2, 0
1, 1, 0, 0
-1, -1, 1, 3
0, -3, -2, 1
3, 0, -2, -1
0, 0, 2, 1
-2, -2, 1, 1
0, 0, 1, 0
-1, 0, 0, 1
0, -1, 0, 1
1, 0, -1, 0
1, 1, 0, 0
1, 0, -1, 0
0, 1, 4, 1
-7, -5, 7, 6
-5, -2, 4, -2
-6, 4, 7, -4
-4, 2, 0, -2
3, 1, -3, -1
2, 0, -1, 1
1, -2, -3, 2
4, -2, -5, 3
6, -4, -5, 3
2, -2, 0, 2
0, -1, -1, 0
2, 0, -3, -1
3, 1, -1, 0
0, -1, 0, 0
0, 1, 2, -2
-5, 2, 8, 1
-8, -4, 5, 4
-1, -3, -1, 1
1, 0, -2, 0
1, 1, 0, -2
-2, 0, 2, 2
0, -2, -1, 0
0, 0, 1, 1
-1, 0, 2, -1
-3, 3, 5, -1
-3, -1, 0, 0
3, 1, -2, -1
0, -3, 0, 8
4, -8, -7, 4
5, 0, 0, 0
-2, 0, 3, 0
-3, 1, 3, -2
-3, 1, 4, 0
-3, -2, 1, 4
1, -3, -2, 2
1, -1, 0, 2
1, -4, -2, 5
3, -6, -4, 5
3, -4, -1, 2
0, -1, 2, 0
-2, 0, 2, 1
-2, -3, 1, 4
0, -3, -2, 0
2, 0, -2, 0
2, -4, -2, 7
3, -7, -4, 5
2, -1, 0, 0
-2, 0, 2, 0
-1, 1, 1, -2
-2, 0, 2, 3
0, -4, -2, 2
0, 0, 4, -2
-10, 1, 12, 0
-10, -2, 6, 1
-4, 1, 5, -2
-6, 2, 5, -1
-2, 0, 1, 2
0, -4, 0, 2
0, 1, 3, -2
-7, -2, 7, 8
0, -7, -4, 2
3, 0, 0, 1
-2, -4, 3, 4
-4, 0, 7, -2
-15, 1, 20, 3
-17, -5, 9, 2
-3, 2, 1, -6
-2, 4, 4, 2
-3, -8, 2, 12
-2, -12, 2, 11
0, -7, -4, 3
9, 0, -10, -1
10, 0, -8, -1
6, 5, -2, -9
-4, 5, 7, 6
-3, -18, -3, 21
8, -16, -7, 6
1, 1, 5, -5
-10, 4, 9, -2
-9, 6, 16, -10
-29, 6, 34, 4
-23, -10, 5, 4
5, 4, -5, -7
1, 5, 0, -3
0, 2, 0, -1
0, 0, -1, 1
1, -3, 0, 4
-1, -5, 2, 4
-2, -3, 2, 2
-1, -1, 0, 0
0, 1, 2, 0
-5, -3, 8, 5
-8, -5, 6, 4
-2, 0, 2, -2
-6, 0, 9, 4
-5, -8, -1, 9
7, -4, -7, -3
-2, 4, 13, 3
-15, -11, 9, 10
-2, -4, 2, 1
-3, -3, 0, 8
6, -7, -11, 2
8, 2, -2, -3
-2, 2, 3, 0
-3, -1, 1, 1
1, 0, -1, 0
0, -1, 0, 2
0, -3, 0, 2
0, -1, 0, 0
-1, -1, 1, 3
0, -6, -3, 10
7, -13, -10, 13
12, -10, -9, 4
4, -1, 0, 1
-2, -1, 0, 0
0, 0, -1, 0
1, 0, 0, 1
-2, -3, 4, 5
-4, -5, 4, 3
-6, -2, 6, 5
-3, -8, -1, 7
4, -3, -3, 0
0, -1, 2, 3
0, -3, -1, 1
1, 0, 0, 0
0, 0, 0, -1
0, 1, 1, 1
0, -2, -1, 0
1, 1, 0, 0
-1, -2, 1, 3
-1, -2, 2, 2
-3, -2, 4, 4
-4, -6, 1, 7
0, -5, 0, 4
-2, -6, 1, 7
1, -6, -2, 2
0, 0, 3, 1
-3, -4, 0, 5
4, -2, -5, 0
0, 0, 3, 1
-5, -3, 4, 3
-3, -2, 2, 1
-2, 0, 3, 0
-5, -1, 5, 5
-3, -7, 0, 6
3, -4, -2, 1
0, 0, 2, 0
-2, 0, 1, 1
0, -1, -1, 1
2, 0, -2, -2
0, 0, 0, 0
0, 2, 1, 0
-2, -1, 2, 1
-2, 0, 3, -2
-6, 1, 7, 2
-4, -5, 1, 4
-1, -5, 2, 7
0, -8, -2, 5
2, -1, 0, 0
0, -1, 0, 2
3, -1, -4, 0
3, 0, -1, 0
0, -1, 0, 2
0, -2, 0, 1
1, 1, -2, -4
2, 4, -2, -3
5, 4, -5, -5
2, 3, 1, 0
-2, -4, 1, 4
0, -2, -1, 0
0, 0, 0, -1
0, 2, 0, -2
0, 1, 0, 0
0, -3, -3, 4
6, -4, -6, 1
2, -1, 1, 4
-2, -6, 1, 4
-1, -1, 4, 1
-6, -3, 5, 2
-3, 0, 3, -1
-5, 0, 6, -1
-8, 1, 9, 0
-6, -1, 2, 1
0, -1, 0, 3
-1, -4, 2, 4
-1, -2, 0, 0
0, 2, 0, -2
-1, 1, 0, 0
0, -1, -2, 1
3, -1, -3, 1
2, -1, 0, 2
0, -3, 1, 2
-1, -1, 1, 1
0, 0, -1, 0
0, 1, 1, 0
-2, -1, 1, 2
0, -2, -2, 1
3, -1, -2, 2
1, -1, 0, 0
-1, 0, 1, 0
0, 0, -2, -1
1, 1, 0, 0
-2, -1, 3, 0
-3, 0, 4, 0
-3, 0, 2, -1
-1, 1, 1, 1
0, -4, 0, 6
1, -4, 0, 2
-1, -2, 2, 3
-1, -3, -1, 0
2, 4, -1, -6
0, 4, 1, 0
0, -2, -2, 2
3, 0, -3, -1
0, 1, 1, 0

0, 0, 1, -1
-2, 2, 1, -2
0, 2, 0, -1
2, 0, -2, 1
1, -1, 1, 1
-3, -1, 3, 0
-3, 1, 5, -2
-6, 4, 7, -5
-8, 4, 6, 0
-1, -1, -3, 0
3, 0, 0, 0
-3, -2, 4, 3
-2, -2, 1, 0
0, 0, 0, 1
1, -2, -3, 1
2, 0, 0, 0
0, 0, 2, 0
-5, 0, 8, 0
-8, 0, 5, -1
-2, 3, 2, -2
-3, -1, 3, 5
0, -6, -2, 5
3, -3, -2, 2
0, -2, 1, 1
-2, 0, 2, 0
-2, 0, 1, 1
0, -2, -1, 1
1, 0, 0, 0
-1, 0, 2, 0
-2, 0, 2, 0
-2, 0, 1, 0
-1, -1, 1, 2
0, -3, 0, 2
0, 0, 2, 0
-2, 0, 0, 0
1, 3, -1, -5
-1, 3, 5, 0
-6, -2, 4, 2
-2, 0, 2, 0
-3, 0, 3, 3
-2, -4, 1, 3
-1, -2, 2, 2
-1, -2, 1, 2
-1, -2, 3, 1
-5, -2, 6, 4
-5, -4, 2, 2
-2, 0, 4, 0
-5, -2, 4, 3
0, -1, -1, -1
1, 2, -1, 0
2, -1, -3, 2
3, -3, -2, 4
1, -4, 0, 4
0, -3, 0, 1
0, 0, 1, 0
-4, -1, 3, 3
0, -3, 0, 2
0, -1, 1, 2
0, -2, -2, 1
4, 0, -4, -1
4, 0, -4, 1
4, -1, -4, 1
2, 0, -1, 1
0, -3, -1, 3
2, -3, -3, 2
4, -1, -4, -1
2, 3, 0, -4
-2, 3, 3, 0
-1, 0, 0, 0
0, 0, 2, 0
-3, 0, 4, -1
-4, 2, 3, -1
-1, 0, 1, 0
-2, 0, 3, 1
-3, -1, 2, 0
-3, 2, 4, -2
-3, 1, 2, 0
-1, -1, 1, 2
0, -2, 0, 1
0, -1, 0, 1
0, -3, -1, 4
3, -3, -4, 0
2, 2, 1, -4
-5, 3, 7, -1
-7, 0, 4, 0
-1, 1, 0, -2
0, 2, 0, -1
0, 0, 0, 0
0, 0, 2, 2
-2, -3, 1, 2
-1, 0, 2, -1
-1, 0, -1, 1
6, -1, -8, -1
3, 1, 4, 2
-6, -5, 2, 4
0, 0, 0, -2
0, 2, 0, 0
-1, 1, 4, -2
-10, 0, 10, 4
-4, -7, -6, 8
14, -4, -14, 0
8, 0, 0, 4
-2, -8, 0, 8
2, -5, -1, 0
-1, 1, 5, -1
-5, 1, 2, -3
0, 7, -1, -9
1, 8, 0, -5
0, 1, 0, 0
0, -1, 1, 0
-2, -1, 2, 1
-2, -1, 3, 0
-6, 0, 6, 0
-3, 1, 0, -1
2, -1, -5, 2
8, 0, -7, -3
3, 5, 1, -4
-4, 0, 6, 3
-6, -6, 4, 6
-1, -4, -2, 2
4, 0, -5, -3
2, 4, 0, -3
1, 1, -3, -2
4, 4, 0, -4
-5, 0, 6, 4
-2, -3, 0, 0
0, 2, 3, 0
-7, -4, 7, 8
-3, -8, -1, 3
1, 1, 0, -2
0, 0, -3, 4
8, -3, -6, -2
-1, 3, 8, 1
-6, -3, -1, 0
5, 5, -2, -4
0, -1, -2, 5
5, -4, -5, 3
2, -3, 0, 4
1, -3, -1, 1
0, 0, 0, 0
-1, -1, 2, 0
-2, 0, 0, 0
1, -2, -5, 3
7, -3, -6, 1
3, 0, 2, 0
-6, -5, 6, 8
-1, -7, -2, 4
1, -2, 1, 0
-5, 3, 11, -4
-17, 0, 18, 8
-9, -11, -4, 8
15, -5, -18, 4
17, -4, -11, 4
1, -8, 7, 12
-7, -11, 2, 6
3, -9, -16, 20
34, -22, -41, 8
24, 0, 0, 7
-8, -16, 5, 17
0, -11, -4, 2
7, 5, -8, -10
2, 11, 8, -10
-21, 5, 28, -1
-23, 3, 15, -8
-11, 7, 8, -3
-2, 1, -5, -2
11, 4, -14, -2
13, -4, -8, 17
2, -28, 0, 25
-5, -7, 19, -9
-37, 9, 41, 0
-26, -2, 7, -4
2, 13, -2, -16
1, 14, -3, -11
6, 9, -9, -7
11, 1, -15, 5
21, -7, -20, 2
7, -1, 7, 5
-10, -1, 7, -11
-10, 20, 15, -16
-13, 8, 7, -1
-3, -7, 1, 16
4, -16, -12, 6
15, 5, -10, -10
3, 8, 1, -4
-1, -2, 0, 12
6, -21, -11, 19
8, -8, 0, 1
-8, 0, 8, 1
-2, 1, -3, -4
4, 5, -1, -4
-1, 2, 4, 0
-7, -2, 8, 4
-5, -1, 1, -5
-1, 8, 4, -5
-3, 1, 0, 0
3, 0, -2, 1
2, 0, -2, -2
1, 5, 0, -4
-2, 0, 2, 1
0, 0, 0, -4
0, 6, 1, -4
-1, 0, 1, 5
0, -10, -3, 13
7, -12, -8, 7
4, -4, 0, 3
-1, -1, 0, -2
0, 5, 2, -4
-3, 0, 0, 1
3, 0, -5, -4
2, 5, 1, -2
0, -2, -5, 6
11, -5, -13, 2
10, 0, -7, -2
6, 3, -3, -2
1, 0, 0, 2
-2, -3, 4, 3
-3, -1, 2, 0
-2, 0, 4, 1
-4, -2, 2, 1
0, 1, 0, -1
0, 0, 0, 0
0, 0, 2, 0
-2, -1, 3, 1
-4, -2, 4, 3
-2, -2, 0, 0
0, 0, -1, 1
2, -2, -3, 1
4, 0, -3, -1
0, 2, 3, -2
-7, 0, 7, 0
-5, -1, 1, 1
1, -1, -1, 2
0, -5, 3, 7
-5, -6, 5, 1
-6, 1, 7, 1
-6, -5, 4, 7
-3, -6, 1, 4
2, -2, -4, -2
2, 3, 1, -1
-3, -1, 1, 2
1, 0, -3, -2
1, 2, 4, 0
-9, -2, 9, 4
-3, -2, -3, 0
8, 3, -9, -4
0, 0, 0, 0
6, 1, -4, 3
4, -6, -5, 6
4, -5, -4, 4
4, -3, -4, 2
3, 0, -2, 0
2, 0, -3, 0
3, 0, -2, 0
1, 0, -2, 3
3, -5, -4, 7
4, -7, -3, 5
-1, -5, 7, 7
-9, -8, 5, 3
-2, 2, 2, -5
-4, 1, 3, 5
1, -8, -4, 6
1, -2, 4, 3
-7, -3, 3, 0
0, 3, 0, -4
-1, 2, 0, 0
3, -1, -5, 1
2, 0, 3, 0
-10, -2, 12, 5
-10, -8, 7, 7
-3, -4, 2, 2
-7, -3, 15, 8
-20, -13, 15, 11
-7, -4, 2, 0
0, 1, 0, 0
0, 0, 1, -1
-4, 1, 7, 0
-6, -3, 4, 5
0, -4, -4, 0
6, 5, -5, -7
1, 4, 0, 0
1, 0, -5, -3
4, 7, 0, -4
-2, -2, 0, 6
3, -4, -3, 0
-1, 1, 5, 2
-3, -6, -4, 6
10, -1, -9, -2
1, 3, 4, 0
-4, 0, 2, 0
-1, 1, 1, -2
-1, 1, 2, 0
-2, -1, 1, 1
0, 0, 0, -3
-2, 6, 8, -5
-12, 1, 11, 1
-7, -2, 4, 1
-3, 0, 2, 0
0, 0, -2, 0
4, 1, -3, -2

0, 2, 1, -1
0, 0, -1, -1
2, 2, -2, -2
1, 1, -1, 0
0, 0, 1, 1
-2, -2, 2, 2
-2, -1, 1, 2
0, -4, 0, 5
0, -4, 2, 4
-5, -5, 7, 7
-4, -7, 0, 3
0, 0, 0, -1
-2, 0, 2, 0
0, -2, -2, 4
5, -4, -6, 2
4, -1, -1, 1
-1, -3, 2, 3
-3, -3, 3, 1
-3, 0, 5, -2
-7, 2, 7, -1
-4, 2, 0, -4
2, 6, -2, -4
2, 0, -4, 3
7, -4, -9, 1
6, 1, -1, 0
-1, -1, 3, 2
-3, 0, 4, 0
-4, 1, 5, -1
-5, 1, 5, 0
-3, -1, 2, 2
-2, -3, 1, 2
-1, 0, 2, -3
-3, 4, 5, -2
-4, 0, 2, 3
0, -4, -2, 4
3, -3, -2, 1
0, 0, 3, 0
-5, 0, 4, 0
-2, 0, 1, -1
-1, 1, 1, 0
-2, 0, 3, 0
-3, -1, 3, 1
-3, -1, 2, 0
-3, 1, 5, 1
-6, -5, 6, 8
-4, -9, 3, 8
-4, -4, 7, 1
-10, 0, 11, 0
-6, -2, -1, 3
9, -1, -11, -2
5, 3, 2, 0
-4, -3, 3, 2
-2, 0, 2, 0
-3, 0, 5, -1
-6, 1, 8, 0
-9, 0, 7, 0
-5, -1, 2, 0
0, 0, 1, 0
-1, -1, 1, 1
0, -1, 0, 0
0, 0, -1, 0
2, 0, -3, 0
2, 0, -1, 0
0, -3, -1, 3
2, -1, -1, 0
-2, -2, 6, 5
-7, -6, 8, 3
-10, -1, 11, 1
-8, -1, 5, 0
-2, 0, 1, 0
0, 0, 1, -1
-1, 1, 2, 0
-1, -2, -1, 3
2, -3, -1, 4
1, -4, -1, 3
1, -2, 0, 2
0, 0, 1, -1
-3, 2, 5, -1
-3, -1, 0, 1
4, -1, -5, 0
5, 2, -4, -4
2, 4, 0, -2
-3, 0, 6, 3
-5, -3, 3, 0
-2, 2, 2, -3
-2, 4, 1, -5
-3, 5, 4, -2
-3, 0, 0, 0
0, -1, 0, 5
1, -8, -3, 7
1, -5, 2, 3
-4, -2, 3, 1
-2, 0, 0, -1
-1, 1, 2, 0
-3, 0, 3, 2
-2, -3, 0, 3
0, -3, 0, 3
-1, -2, 2, 0
-3, 0, 4, 0
-4, -3, 3, 5
-1, -4, 0, 2
-1, -1, 2, 1
-1, -2, -1, 2
2, -1, -1, 0
0, -1, 1, 2
-2, -2, 2, 1
-2, -1, 3, 1
-2, 0, 1, -1
-1, 1, 0, 0
5, -1, -9, -1
8, 3, -4, -1
1, -2, -1, 5
3, -4, -4, 1
3, 1, -1, -3
-1, 2, 2, 0
0, -1, -2, 0
0, 1, 3, 0
-7, -1, 7, 2
-4, -1, 2, 0
-1, -1, 0, 2
1, -1, -1, 0
0, -2, 1, 5
1, -7, -4, 5
4, -2, -2, 1
0, -2, 1, 4
0, -7, -5, 10
11, -12, -16, 11
0, 0, 0, 0
0, 0, 0, 0
0, 0, 0, 0
0, 0, 0, 0
0, 0, 0, 0
0, 0, 0, 0
0, 0, 0, 0
0, 0, 0, 0
0, 0, 0, 0
0, 0, 0, 0
0, 0, 0, 0
0, 0, 0, 0
0, 0, 0, 0
0, 0, 0, 0
0, 0, 0, 0
0, 0, 0, 0
0, 0, 0, 0
0, 0, 0, 0
0, 0, 0, 0
0, 0, 0, 0
0, 0, 0, 0
0, 0, 0, 0
0, 0, 0, 0
0, 0, 0, 0
0, 0, 0, 0
0, 0, 0, 0
0, 0, 0, 0
0, 0, 0, 0
0, 0, 0, 0
0, 0, 0, 0
0, 0, 0, 0
0, 0, 0, 0
0, 0, 0, 0
0, 0, 0, 0
0, 0, 0, 0
0, 0, 0, 0
0, 0, 0, 0
0, 0, 0, 0
0, 0, 0, 0
0, 0, 0, 0
0, 0, 0, 0
0, 0, 0, 0
0, 0, 0, 0
0, 0, 0, 0
0, 0, 0, 0
0, 0, 0, 0
0, 0, 0, 0
0, 0, 0, 0
0, 0, 0, 0
0, 0, 0, 0
0, 0, 0, 0
0, 0, 0, 0
0, 0, 0, 0
0, 0, 0, 0
0, 0, 0, 0
0, 0, 0, 0
0, 0, 0, 0
0, 0, 0, 0
0, 0, 0, 0
0, 0, 0, 0
0, 0, 0, 0
0, 0, 0, 0
0, 0, 0, 0
0, 0, 0, 0
0, 0, 0, 0
0, 0, 0, 0
0, 0, 0, 0
0, 0, 0, 0
0, 0, 0, 0
0, 0, 0, 0
0, 0, 0, 0
0, 0, 0, 0
0, 0, 0, 0
0, 0, 0, 0
0, 0, 0, 0
0, 0, 0, 0
0, 0, 0, 0
0, 0, 0, 0
0, 0, 0, 0
0, 0, 0, 0
0, 0, 0, 0
0, 0, 0, 0
0, 0, 0, 0
0, 0, 0, 0
0, 0, 0, 0
0, 0, 0, 0
0, 0, 0, 0
0, 0, 0, 0
0, 0, 0, 0
0, 0, 0, 0
0, 0, 0, 0
0, 0, 0, 0
0, 0, 0, 0
0, 0, 0, 0
0, 0, 0, 0
0, 0, 0, 0
0, 0, 0, 0
0, 0, 0, 0
0, 0, 0, 0
0, 0, 0, 0
0, 0, 0, 0
0, 0, 0, 0
0, 0, 0, 0
0, 0, 0, 0
0, 0, 0, 0
0, 0, 0, 0
0, 0, 0, 0
0, 0, 0, 0
0, 0, 0, 0
0, 0, 0, 0
0, 0, 0, 0
0, 0, 0, 0
0, 0, 0, 0
0, 0, 0, 0
0, 0, 0, 0
0, 0, 0, 0
0, 0, 0, 0
0, 0, 0, 0
0, 0, 0, 0
0, 0, 0, 0
0, 0, 0, 0
0, 0, 0, 0
0, 0, 0, 0
0, 0, 0, 0
0, 0, 0, 0
0, 0, 0, 0
0, 0, 0, 0
0, 0, 0, 0
0, 0, 0, 0
0, 0, 0, 0
0, 0, 0, 0
0, 0, 0, 0
0, 0, 0, 0
0, 0, 0, 0
0, 0, 0, 0
0, 0, 0, 0
0, 0, 0, 0
0, 0, 0, 0
0, 0, 0, 0
0, 0, 0, 0
0, 0, 0, 0
0, 0, 0, 0
0, 0, 0, 0
0, 0, 0, 0
0, 0, 0, 0
0, 0, 0, 0
0, 0, 0, 0
0, 0, 0, 0
0, 0, 0, 0
0, 0, 0, 0
0, 0, 0, 0
0, 0, 0, 0
0, 0, 0, 0
0, 0, 0, 0
0, 0, 0, 0
0, 0, 0, 0
0, 0, 0, 0
0, 0, 0, 0
0, 0, 0, 0
0, 0, 0, 0
0, 0, 0, 0
0, 0, 0, 0
0, 0, 0, 0
0, 0, 0, 0
0, 0, 0, 0
0, 0, 0, 0
0, 0, 0, 0
0, 0, 0, 0
0, 0, 0, 0
0, 0, 0, 0
0, 0, 0, 0
0, 0, 0, 0
0, 0, 0, 0

4, 0, -4, 0
1, 1, 3, 0
-5, 0, 3, 0
-2, 1, 1, -1
-1, 0, 1, 1
-1, -3, 1, 3
-1, -2, 1, 0
0, 1, 0, -2
-1, 1, 1, 1
-1, -1, 3, 0
-6, -1, 7, 5
-2, -6, -5, 2
8, 2, -5, -2
1, -1, 0, 5
1, -5, -2, 2
2, 0, 0, 0
-2, 0, 4, 0
-4, 0, 1, -1
1, 3, -1, -5
0, 4, 1, -2
-1, 1, 2, 0
-4, 0, 7, 1
-7, -1, 7, 0
-6, 1, 5, 0
-2, -2, -1, 3
2, -2, 0, 1
-3, -2, 3, 3
0, -2, -1, 0
2, 1, 0, 0
0, -3, -1, 6
6, -6, -9, 3
9, 0, -6, 0
4, -3, -3, 4
2, -3, 0, 1
0, -1, 1, 1
-1, -2, 0, 2
0, -1, 0, 1
-1, -2, 1, 2
-1, -1, 0, 0
1, 1, -1, -3
0, 3, 2, -1
-2, 0, 0, 1
0, -1, 0, 2
0, -3, 0, 2
-1, -2, 1, 2
0, -1, -1, 1
1, -1, 0, 3
0, -3, -1, 2
2, 0, -1, 0
1, 0, 0, 2
1, -4, -2, 3
4, -1, -3, -1
2, 1, -1, 0
2, -1, -2, 1
0, -1, 2, 1
-5, -2, 5, 1
-4, -1, 3, 1
-1, -1, 0, 0
0, 0, 1, 0
-1, 0, 2, 1
-2, -1, 3, 0
-5, 0, 6, -1
-7, 2, 6, 0
-3, 0, 0, 0
1, 0, -2, 0
1, 0, -1, 3
2, -6, -5, 5
7, -1, -5, -2
-1, 3, 7, 0
-10, -2, 8, 5
-5, -5, 2, 3
-1, -2, 2, 1
-4, -3, 5, 5
-2, -5, 0, 2
0, 0, 1, 0
-2, 0, 1, 2
0, -2, -2, 1
2, 0, 0, 0
0, 0, 0, 3
1, -4, -3, 3
4, -1, -1, 0
0, -2, 0, 4
0, -3, -1, 0
-1, 0, 6, 0
-7, -2, 6, 1
-5, -1, 5, 3
-2, -3, -1, 1
2, 2, 0, -4
-3, 3, 5, -3
-6, 3, 6, -3
-7, 2, 5, 0
-3, 0, 1, 0
-2, 0, 3, 1
-3, -2, 1, 1
0, 0, 2, -2
-4, 0, 4, 1
0, 0, -1, -2
0, 3, 2, -3
-4, 1, 4, 0
-4, 1, 5, -1
-6, 0, 6, 0
-6, 2, 8, -4
-11, 3, 13, -1
-11, -1, 6, 3
0, -4, -3, 3
4, -1, -3, 0
0, 0, 1, 1
-1, -4, 0, 4
1, -1, -1, -1
-1, 3, 5, -4
-10, 3, 12, 0
-11, -1, 6, 0
-2, 3, 2, -6
-5, 4, 5, 0
-1, -2, -3, 1
4, 0, -2, 0
0, -2, 1, 3
0, -2, 0, 0
0, 0, 0, 0
0, 0, 0, 1
0, -3, 0, 4
1, -3, -2, 1
1, -1, 0, 3
-1, -4, 0, 3
-1, -2, 3, 2
-4, -3, 3, 3
0, -1, 0, 0
1, 1, -2, -1
3, 1, -3, 0
1, 0, 0, 2
0, -4, 0, 4
1, -3, -1, 1
0, -2, 0, 3
0, -4, -1, 2
1, 0, 0, -2
-2, 1, 2, 2
0, -4, -4, 2
5, 1, -2, -2
0, 0, 1, 3
0, -5, -1, 5
2, -3, 0, 1
0, -1, 0, 2
4, -1, -5, -1
2, 1, 4, 3
-6, -9, 2, 9
2, -2, -2, -3
-1, 4, 5, 0
-2, -3, -2, 2
2, 0, 5, 0
-15, -3, 21, 7
-23, -10, 22, 14
-16, -17, 7, 16
1, -13, -7, 12
8, -10, -5, 7
0, -6, 5, 7
-7, -8, 8, 5
-9, 1, 10, -7
-9, 11, 7, -14
-9, 12, 7, -7
1, 9, -9, -16
9, 18, -7, -15
9, 14, -11, -14
9, 10, -5, -2
0, -10, 0, 19
2, -14, 5, 1
-22, 1, 31, 6
-20, -9, 2, 1
4, 5, -2, -4
0, -2, -2, 8
7, -8, -8, 3
0, 5, 15, -12
-32, 9, 34, 0
-19, -2, 2, -4
0, 8, 6, -3
-8, -3, 3, 2
0, 4, 7, -11
-20, 10, 27, -3
-22, -3, 11, 4
0, -2, -6, 0
7, 2, -6, -1
4, -1, -2, 4
0, -7, 0, 9
4, -9, -10, 4
11, 0, -5, 0
-1, -1, 5, 3
-4, -3, 2, 3
-1, -3, 0, 1
0, 2, 5, -3
-11, 0, 12, 5
-8, -4, 7, 0
-12, 1, 15, 1
-12, -3, 5, 0
-1, 4, 0, -5
0, 4, -2, -3
2, 2, -1, -2
0, 0, 0, 0
1, 0, -1, 0
0, 0, 0, 3
1, -2, -3, -1
2, 5, 2, -6
-9, 4, 16, 0
-18, -3, 13, 6
-2, -3, -6, -1
8, 5, -4, -3
1, -1, -1, 4
3, -4, -5, 2
4, 0, -2, 0
2, 1, -2, -3
2, 6, 3, -7
-11, 0, 14, 9
-5, -10, -3, 2
4, 4, 0, -2
-1, -3, 0, 5
1, -3, 0, 2
0, -6, -4, 12
16, -12, -22, 2
16, 2, -8, 0
5, 0, -3, -5
-5, 7, 15, 0
-14, -6, 5, 4
0, -1, 0, 0
-3, -2, 3, 3
-2, -2, 1, 0
-1, 2, 2, -4
-6, 3, 10, 0
-13, -2, 12, 1
-12, 0, 11, 0
-7, 0, 1, -1
2, 4, 0, -5
-4, 2, 6, 1
-4, -2, 0, 1
0, -1, 3, 3
-7, -5, 8, 6
-7, -5, 7, 2
-7, -2, 7, 4
-5, -5, 5, 2
-10, 0, 15, 1
-16, -5, 12, 6
-7, -3, 5, 0
-5, 1, 4, 0
-2, -1, 0, 0
2, 1, -2, -3
1, 4, 0, -3
-1, 2, 1, 0
-1, 0, 3, 0
-6, 0, 10, 1
-11, -2, 7, 1
-3, 0, 1, -1
0, 0, -1, 0
2, 0, -2, 0
0, 0, 3, 0
-6, 2, 8, -5
-9, 4, 6, 0
0, 0, -6, -2
5, 3, 0, -2
-4, 1, 7, 0
-10, -4, 9, 10
-1, -10, -6, 3
5, 1, 1, 0
-7, -3, 8, 6
-6, -5, 3, 2
-2, 0, 2, -2
-2, 2, 2, -1
-3, 0, 3, -1
-6, 1, 9, 0
-10, -1, 7, 2
-1, -2, -1, 2
3, -2, -4, 1
3, 0, -2, -1
0, 1, 4, 0
-6, 0, 8, 0
-9, 0, 10, 0
-8, -1, 4, 1
2, 2, -4, -8
0, 11, 6, -8
-8, 3, 5, -1
-2, 1, 1, -1
-1, 0, 1, 1
1, -1, -4, 0
3, 0, -1, 2
1, -3, -3, 0
2, 1, 0, 0
-1, -1, 1, 3
0, -4, 0, 5
3, -4, -6, 1
5, 0, -2, 2
1, -6, -7, 7
13, -4, -15, 0
10, 1, -5, 0
2, 0, 0, 0
-1, 1, 3, 0
-5, -1, 4, 3
-2, -4, 0, 4
0, -6, -1, 8
3, -7, -4, 3
1, 0, 2, 0
-5, 0, 7, 2
-6, -2, 2, 2
2, 0, -4, -1
3, 1, 0, -1

-2, 0, 5, 0
-5, -1, 4, 0
-3, 0, 3, 0
-3, 0, 3, 0
-2, 0, 2, 0
-1, 1, 1, 0
-1, -1, 0, 5
1, -7, -3, 6
4, -5, -2, 3
1, -2, 0, 2
0, -1, 2, 2
-5, -5, 7, 8
-6, -9, 2, 8
2, -3, -4, 0
3, 0, 0, 3
0, -5, 0, 4
-1, -3, 2, 2
-2, -3, 0, 2
1, 1, -1, -5
-2, 7, 8, -5
-10, 0, 5, 0
0, 1, -3, -3
2, 3, 0, 0
0, -2, -1, 1
3, 0, -3, -1
3, 1, -3, 0
4, -1, -5, 2
4, -1, -3, 0
1, 0, -1, 0
1, 0, -2, 1
2, -2, -2, 2
2, 0, 0, -2
-2, 3, 5, -1
-6, -1, 5, 3
-2, -4, 0, 4
2, -3, -2, 4
1, -6, -1, 7
2, -6, -3, 4
3, -3, -1, 4
1, -3, 1, 0
-6, 2, 9, 0
-5, -3, 0, 2
3, -1, 0, 4
-4, -6, 8, 6
-11, -1, 13, -4
-14, 6, 11, -6
-7, 4, 3, -3
-1, 2, 1, -1
0, 0, 0, 2
1, -1, -2, 0
1, 0, 0, 1
0, -3, -2, 3
4, 0, -5, -1
2, 1, 0, 0
1, -2, -3, 2
4, -1, -3, 1
3, -3, -3, 5
4, -5, -5, 3
4, 0, -1, -2
-2, 1, 4, 0
-3, 0, 0, -1
1, 5, 0, -7
-1, 4, 2, 0
-2, -4, 0, 5
-1, -3, 5, 2
-9, -2, 9, 4
-6, -3, 1, 0
1, 1, -3, 0
8, 1, -11, -4
9, 5, -3, -1
0, -2, 0, 2
0, 0, 1, 0
-3, 0, 3, 0
-3, 0, 3, 0
-4, 0, 4, 0
-4, -1, 3, 1
-3, -3, 2, 4
-1, -5, 0, 5
3, -2, -5, 0
4, 0, -2, 0
0, -1, 0, 0
0, 0, 0, -1
-1, 1, 1, -1
0, 1, 0, -2
-1, 1, 3, 1
-2, -3, 0, 2
1, -2, -1, 1
2, 0, -3, 0
2, 1, 0, 0
-4, -1, 5, 4
-2, -3, 0, 0
1, 1, 0, -1
0, 0, 0, 0
0, 1, 1, 0
-4, -4, 4, 10
0, -10, -5, 6
4, -1, 1, -1
-7, 2, 11, -4
-14, 6, 17, -6
0, 0, 0, 0
0, 0, 0, 0
0, 0, 0, 0
0, 0, 0, 0
0, 0, 0, 0
0, 0, 0, 0
0, 0, 0, 0
0, 0, 0, 0
0, 0, 0, 0
0, 0, 0, 0
0, 0, 0, 0
0, 0, 0, 0
0, 0, 0, 0
0, 0, 0, 0
0, 0, 0, 0
0, 0, 0, 0
0, 0, 0, 0
0, 0, 0, 0
0, 0, 0, 0
0, 0, 0, 0
0, 0, 0, 0
0, 0, 0, 0
0, 0, 0, 0
0, 0, 0, 0
0, 0, 0, 0
0, 0, 0, 0
0, 0, 0, 0
0, 0, 0, 0
0, 0, 0, 0
0, 0, 0, 0
0, 0, 0, 0
0, 0, 0, 0
0, 0, 0, 0
0, 0, 0, 0
0, 0, 0, 0
0, 0, 0, 0
0, 0, 0, 0
0, 0, 0, 0
0, 0, 0, 0
0, 0, 0, 0
0, 0, 0, 0
0, 0, 0, 0
0, 0, 0, 0
0, 0, 0, 0
0, 0, 0, 0
0, 0, 0, 0
0, 0, 0, 0
0, 0, 0, 0
0, 0, 0, 0
0, 0, 0, 0
0, 0, 0, 0
0, 0, 0, 0
0, 0, 0, 0
0, 0, 0, 0
0, 0, 0, 0
0, 0, 0, 0
0, 0, 0, 0
0, 0, 0, 0
0, 0, 0, 0
0, 0, 0, 0
0, 0, 0, 0
0, 0, 0, 0
0, 0, 0, 0
0, 0, 0, 0
0, 0, 0, 0
0, 0, 0, 0
0, 0, 0, 0
0, 0, 0, 0
0, 0, 0, 0
0, 0, 0, 0
0, 0, 0, 0
0, 0, 0, 0
0, 0, 0, 0
0, 0, 0, 0
0, 0, 0, 0
0, 0, 0, 0
0, 0, 0, 0
0, 0, 0, 0
0, 0, 0, 0
0, 0, 0, 0
0, 0, 0, 0
0, 0, 0, 0
0, 0, 0, 0
0, 0, 0, 0
0, 0, 0, 0
0, 0, 0, 0
0, 0, 0, 0
0, 0, 0, 0
0, 0, 0, 0
0, 0, 0, 0
0, 0, 0, 0
0, 0, 0, 0
0, 0, 0, 0
0, 0, 0, 0
0, 0, 0, 0
0, 0, 0, 0
0, 0, 0, 0
0, 0, 0, 0
0, 0, 0, 0
0, 0, 0, 0
0, 0, 0, 0
0, 0, 0, 0
0, 0, 0, 0
0, 0, 0, 0
0, 0, 0, 0
0, 0, 0, 0
0, 0, 0, 0
0, 0, 0, 0
0, 0, 0, 0
0, 0, 0, 0
0, 0, 0, 0
0, 0, 0, 0
0, 0, 0, 0
0, 0, 0, 0
0, 0, 0, 0
0, 0, 0, 0
0, 0, 0, 0
0, 0, 0, 0
0, 0, 0, 0
0, 0, 0, 0
0, 0, 0, 0
0, 0, 0, 0
0, 0, 0, 0
0, 0, 0, 0
0, 0, 0, 0
0, 0, 0, 0
0, 0, 0, 0
0, 0, 0, 0
0, 0, 0, 0
0, 0, 0, 0
0, 0, 0, 0
0, 0, 0, 0
0, 0, 0, 0
0, 0, 0, 0
0, 0, 0, 0
0, 0, 0, 0
0, 0, 0, 0
0, 0, 0, 0
0, 0, 0, 0
0, 0, 0, 0
0, 0, 0, 0
0, 0, 0, 0
0, 0, 0, 0
0, 0, 0, 0
0, 0, 0, 0
0, 0, 0, 0
0, 0, 0, 0
0, 0, 0, 0
0, 0, 0, 0
0, 0, 0, 0
0, 0, 0, 0
0, 0, 0, 0
0, 0, 0, 0
0, 0, 0, 0
0, 0, 0, 0
0, 0, 0, 0
0, 0, 0, 0
0, 0, 0, 0
0, 0, 0, 0
0, 0, 0, 0
0, 0, 0, 0
0, 0, 0, 0
0, 0, 0, 0
0, 0, 0, 0
0, 0, 0, 0
0, 0, 0, 0
0, 0, 0, 0
0, 0, 0, 0
0, 0, 0, 0
0, 0, 0, 0
0, 0, 0, 0
0, 0, 0, 0
0, 0, 0, 0
0, 0, 0, 0
0, 0, 0, 0
0, 0, 0, 0
0, 0, 0, 0
0, 0, 0, 0
0, 0, 0, 0
0, 0, 0, 0
0, 0, 0, 0
0, 0, 0, 0
0, 0, 0, 0
0, 0, 0, 0
0, 0, 0, 0
0, 0, 0, 0
0, 0, 0, 0
0, 0, 0, 0
0, 0, 0, 0
0, 0, 0, 0
0, 0, 0, 0
0, 0, 0, 0
0, 0, 0, 0
0, 0, 0, 0
0, 0, 0, 0
0, 0, 0, 0
0, 0, 0, 0
0, 0, 0, 0
0, 0, 0, 0
0, 0, 0, 0
0, 0, 0, 0

-18, 4, 14, 0
-7, 0, 0, -1
2, 4, 0, -4
-3, 1, 3, 0
-1, -1, 0, 1
1, -1, -1, 1
0, -1, 0, 1
-1, -1, 2, 1
-3, 0, 3, 0
-2, 1, 2, -2
-4, 1, 6, 2
-5, -6, 1, 6
1, -3, -1, 0
-1, 1, 4, -2
-5, 1, 3, 0
-1, 0, 0, 0
0, 1, 0, -1
-1, 2, 3, -2
-6, 0, 8, 2
-6, -4, 4, 3
-3, -1, 4, 0
-4, 0, 4, -1
-3, 1, 2, 1
0, -3, -3, 3
4, -1, -3, 0
0, 0, 2, 1
-5, -2, 8, 2
-9, -1, 8, 0
-6, 1, 4, -2
-1, 1, 0, -1
1, 0, -2, 0
1, 0, 1, -1
-6, 1, 7, 0
-4, 2, 0, -4
2, 4, -3, -3
3, 0, -4, 1
5, -3, -3, 5
0, -7, 0, 8
0, -6, 0, 5
0, -5, 0, 4
2, -1, -4, -2
3, 3, -1, 0
0, -3, -1, 3
0, -2, 1, 0
-3, 0, 3, 1
-1, -2, -2, 0
4, 1, -2, -2
0, 0, 3, 1
-4, -3, 3, 3
-2, -1, 2, 1
-1, -3, -1, 4
3, -2, 0, 1
-7, -4, 8, 7
-5, -5, 1, 1
0, 0, 0, 1
0, -4, -3, 5
10, -2, -12, -2
9, 0, -7, 3
8, -3, -10, -2
9, 6, -4, -5
0, 1, 0, 2
0, -2, 1, 0
-2, 0, 0, -1
5, 3, -12, -6
16, 11, -12, -12
4, 7, 0, 0
-1, 1, 3, -9
-9, 11, 10, -6
-1, 3, -10, -4
15, 7, -13, -10
9, 12, -3, -10
-1, 2, 1, 6
5, -10, -14, 8
20, -7, -21, 6
18, -5, -10, 5
-1, -9, 9, 13
-9, -13, 3, 9
3, -4, -5, 0
3, 0, 1, 4
-2, -8, -2, 6
7, -1, -6, -1
1, 0, 4, 1
-7, -1, 6, -1
-1, 6, -2, -9
4, 6, -7, 0
13, -3, -17, 1
0, 0, 0, 0
0, 0, 0, 0
0, 0, 0, 0
0, 0, 0, 0
0, 0, 0, 0
0, 0, 0, 0
0, 0, 0, 0
0, 0, 0, 0
0, 0, 0, 0
0, 0, 0, 0
0, 0, 0, 0
0, 0, 0, 0
0, 0, 0, 0
0, 0, 0, 0
0, 0, 0, 0
0, 0, 0, 0
0, 0, 0, 0
0, 0, 0, 0
0, 0, 0, 0
0, 0, 0, 0
0, 0, 0, 0
0, 0, 0, 0
0, 0, 0, 0
0, 0, 0, 0
0, 0, 0, 0
0, 0, 0, 0
0, 0, 0, 0
0, 0, 0, 0
0, 0, 0, 0
0, 0, 0, 0
0, 0, 0, 0
0, 0, 0, 0
0, 0, 0, 0
0, 0, 0, 0
0, 0, 0, 0
0, 0, 0, 0
0, 0, 0, 0
0, 0, 0, 0
0, 0, 0, 0
0, 0, 0, 0
0, 0, 0, 0
0, 0, 0, 0
0, 0, 0, 0
0, 0, 0, 0
0, 0, 0, 0
0, 0, 0, 0
0, 0, 0, 0
0, 0, 0, 0
0, 0, 0, 0
0, 0, 0, 0
0, 0, 0, 0
0, 0, 0, 0
0, 0, 0, 0
0, 0, 0, 0
0, 0, 0, 0
0, 0, 0, 0
0, 0, 0, 0
0, 0, 0, 0
0, 0, 0, 0
0, 0, 0, 0
0, 0, 0, 0
0, 0, 0, 0
0, 0, 0, 0
0, 0, 0, 0
0, 0, 0, 0
0, 0, 0, 0
0, 0, 0, 0
0, 0, 0, 0
0, 0, 0, 0
0, 0, 0, 0
0, 0, 0, 0
0, 0, 0, 0
0, 0, 0, 0
0, 0, 0, 0
0, 0, 0, 0
0, 0, 0, 0
0, 0, 0, 0
0, 0, 0, 0
0, 0, 0, 0
0, 0, 0, 0
0, 0, 0, 0
0, 0, 0, 0
0, 0, 0, 0
0, 0, 0, 0
0, 0, 0, 0
0, 0, 0, 0
0, 0, 0, 0
0, 0, 0, 0
0, 0, 0, 0
0, 0, 0, 0
0, 0, 0, 0
0, 0, 0, 0
0, 0, 0, 0
0, 0, 0, 0
0, 0, 0, 0
0, 0, 0, 0
0, 0, 0, 0
0, 0, 0, 0
0, 0, 0, 0
0, 0, 0, 0
0, 0, 0, 0
0, 0, 0, 0
0, 0, 0, 0
0, 0, 0, 0
0, 0, 0, 0
0, 0, 0, 0
0, 0, 0, 0
0, 0, 0, 0
0, 0, 0, 0
0, 0, 0, 0
0, 0, 0, 0
0, 0, 0, 0
0, 0, 0, 0
0, 0, 0, 0
0, 0, 0, 0
0, 0, 0, 0
0, 0, 0, 0
0, 0, 0, 0
0, 0, 0, 0
0, 0, 0, 0
0, 0, 0, 0
0, 0, 0, 0
0, 0, 0, 0
0, 0, 0, 0
0, 0, 0, 0
0, 0, 0, 0
0, 0, 0, 0
0, 0, 0, 0
0, 0, 0, 0
0, 0, 0, 0
0, 0, 0, 0
0, 0, 0, 0
0, 0, 0, 0
0, 0, 0, 0
0, 0, 0, 0
0, 0, 0, 0
0, 0, 0, 0
0, 0, 0, 0
0, 0, 0, 0
0, 0, 0, 0
0, 0, 0, 0
0, 0, 0, 0
0, 0, 0, 0
0, 0, 0, 0
0, 0, 0, 0
0, 0, 0, 0
0, 0, 0, 0
0, 0, 0, 0
0, 0, 0, 0
0, 0, 0, 0
0, 0, 0, 0
0, 0, 0, 0
0, 0, 0, 0
0, 0, 0, 0
0, 0, 0, 0
0, 0, 0, 0
0, 0, 0, 0
0, 0, 0, 0
0, 0, 0, 0
0, 0, 0, 0
0, 0, 0, 0
0, 0, 0, 0
0, 0, 0, 0
0, 0, 0, 0
0, 0, 0, 0
0, 0, 0, 0
0, 0, 0, 0
0, 0, 0, 0
0, 0, 0, 0
0, 0, 0, 0
0, 0, 0, 0
0, 0, 0, 0
0, 0, 0, 0
0, 0, 0, 0
0, 0, 0, 0
0, 0, 0, 0
0, 0, 0, 0
0, 0, 0, 0
0, 0, 0, 0
0, 0, 0, 0
0, 0, 0, 0
0, 0, 0, 0
0, 0, 0, 0
0, 0, 0, 0
0, 0, 0, 0
0, 0, 0, 0
0, 0, 0, 0
0, 0, 0, 0
0, 0, 0, 0
0, 0, 0, 0
0, 0, 0, 0
0, 0, 0, 0
0, 0, 0, 0
0, 0, 0, 0
0, 0, 0, 0
0, 0, 0, 0
0, 0, 0, 0
0, 0, 0, 0
0, 0, 0, 0
0, 0, 0, 0
0, 0, 0, 0
0, 0, 0, 0
0, 0, 0, 0
0, 0, 0, 0
0, 0, 0, 0
0, 0, 0, 0
0, 0, 0, 0
0, 0, 0, 0
0, 0, 0, 0
0, 0, 0, 0
0, 0, 0, 0
0, 0, 0, 0
0, 0, 0, 0
0, 0, 0, 0

16, 2, -10, -4
2, 2, 0, 1
0, 0, 0, -2
-4, 0, 6, 4
-1, -5, -4, 2
3, 0, 0, 0
-3, -3, 3, 2
-1, 1, 0, -5
0, 9, 3, -12
-10, 12, 16, -8
-14, 3, 7, 0
-2, 0, 1, 1
-3, -6, 2, 12
4, -14, -14, 10
18, 0, -9, -9
-8, 8, 20, 2
-15, -7, 2, 3
4, 4, -2, -5
-1, 1, 3, 4
-3, -8, 2, 8
-1, -5, 0, 0
0, 4, 0, -6
0, 4, -2, -1
6, 2, -6, -2
4, -1, -6, 9
14, -9, -19, 0
12, 7, 0, -7
-9, 4, 13, -4
-14, 5, 14, -3
-10, -1, 5, 5
0, -5, -3, 1
0, 0, 7, 0
-11, -2, 9, 3
-5, -1, 3, 0
-4, -2, 5, 6
-2, -7, 0, 6
0, -4, 2, 4
-2, -4, 0, 2
0, 0, 0, 0
-2, -2, 5, 4
-7, -6, 9, 6
-8, -5, 5, 4
0, 0, -2, -3
2, 3, -5, 0
10, -1, -13, 0
10, 0, -3, 0
0, -2, 0, 2
0, -2, 0, 5
1, -7, -4, 5
6, -1, -2, -1
-3, 0, 7, 1
-7, -2, 5, 0
-4, 1, 5, -2
-6, 1, 6, 0
-6, -1, 5, 3
-4, -4, 2, 4
0, -3, 0, 2
0, 0, 0, 0
-2, 0, 2, 0
0, -1, -2, 1
3, 0, -1, 0
0, 0, 3, -1
-6, 2, 7, -2
-6, 0, 4, 1
-1, -2, 0, 1
-1, 0, 2, 0
-3, 0, 2, -1
-2, 1, 1, -1
-1, 2, 2, -1
-2, 0, 1, 2
1, -4, -3, 7
4, -8, -5, 6
5, -3, -4, 0
1, 3, 2, -2
-4, 1, 5, -2
-5, 5, 7, -6
-10, 5, 12, -3
-11, 0, 6, 4
0, -6, -4, 3
2, -1, 4, 3
-10, -7, 8, 9
-2, -5, -2, -2
1, 6, 3, -4
-6, -1, 7, 5
-6, -7, 4, 7
-3, -4, 3, 2
-5, -2, 7, 3
-6, -3, 4, 1
-3, 0, 3, -1
-2, 2, 0, -2
0, 1, -1, -1
0, 0, 0, 0
-2, -1, 2, 2
-1, -3, 0, 3
0, -1, 0, -2
-2, 3, 4, -1
-2, 0, 0, 0
2, 0, -2, 1
0, -1, 1, 1
-3, -2, 4, 3
-3, -5, 1, 6
3, -4, -6, 0
4, 3, 0, -1
-3, -3, 1, 6
3, -5, -5, 4
4, -3, -3, 3
1, -2, -1, 0
0, 0, 0, -1
0, 0, 0, 0
1, -1, -2, 1
0, 0, 3, -1
-6, 0, 6, 0
-4, 0, 1, -2
-1, 3, 0, -3
0, 3, 0, -3
0, 3, 0, -2
0, 0, 0, 1
0, -2, 0, 2
-2, -1, 3, 1
-2, 0, 2, -1
-4, 2, 6, -1
-4, 0, 0, -1
3, 4, -1, -8
-4, 7, 8, -3
-6, 0, 1, -1
0, 1, 1, 1
-2, -7, 0, 9
4, -6, -7, 1
7, 0, -7, 0
8, 0, -8, 0
4, -1, 0, 3
-1, -4, 1, 6
0, -9, -6, 13
15, -11, -18, 1
0, 0, 0, 0
0, 0, 0, 0
0, 0, 0, 0
0, 0, 0, 0
0, 0, 0, 0
0, 0, 0, 0
0, 0, 0, 0
0, 0, 0, 0
0, 0, 0, 0
0, 0, 0, 0
0, 0, 0, 0
0, 0, 0, 0
0, 0, 0, 0
0, 0, 0, 0
0, 0, 0, 0
0, 0, 0, 0
0, 0, 0, 0
0, 0, 0, 0
0, 0, 0, 0
0, 0, 0, 0
0, 0, 0, 0
0, 0, 0, 0
0, 0, 0, 0
0, 0, 0, 0
0, 0, 0, 0
0, 0, 0, 0
0, 0, 0, 0
0, 0, 0, 0
0, 0, 0, 0
0, 0, 0, 0
0, 0, 0, 0
0, 0, 0, 0
0, 0, 0, 0
0, 0, 0, 0
0, 0, 0, 0
0, 0, 0, 0
0, 0, 0, 0
0, 0, 0, 0
0, 0, 0, 0
0, 0, 0, 0
0, 0, 0, 0
0, 0, 0, 0
0, 0, 0, 0
0, 0, 0, 0
0, 0, 0, 0
0, 0, 0, 0
0, 0, 0, 0
0, 0, 0, 0
0, 0, 0, 0
0, 0, 0, 0
0, 0, 0, 0
0, 0, 0, 0
0, 0, 0, 0
0, 0, 0, 0
0, 0, 0, 0
0, 0, 0, 0
0, 0, 0, 0
0, 0, 0, 0
0, 0, 0, 0
0, 0, 0, 0
0, 0, 0, 0
0, 0, 0, 0
0, 0, 0, 0
0, 0, 0, 0
0, 0, 0, 0
0, 0, 0, 0
0, 0, 0, 0
0, 0, 0, 0
0, 0, 0, 0
0, 0, 0, 0
0, 0, 0, 0
0, 0, 0, 0
0, 0, 0, 0
0, 0, 0, 0
0, 0, 0, 0
0, 0, 0, 0
0, 0, 0, 0
0, 0, 0, 0
0, 0, 0, 0
0, 0, 0, 0
0, 0, 0, 0
0, 0, 0, 0
0, 0, 0, 0
0, 0, 0, 0
0, 0, 0, 0
0, 0, 0, 0
0, 0, 0, 0
0, 0, 0, 0
0, 0, 0, 0
0, 0, 0, 0
0, 0, 0, 0
0, 0, 0, 0
0, 0, 0, 0
0, 0, 0, 0
0, 0, 0, 0
0, 0, 0, 0
0, 0, 0, 0
0, 0, 0, 0
0, 0, 0, 0
0, 0, 0, 0
0, 0, 0, 0
0, 0, 0, 0
0, 0, 0, 0
0, 0, 0, 0
0, 0, 0, 0
0, 0, 0, 0
0, 0, 0, 0
0, 0, 0, 0
0, 0, 0, 0
0, 0, 0, 0
0, 0, 0, 0
0, 0, 0, 0
0, 0, 0, 0
0, 0, 0, 0
0, 0, 0, 0
0, 0, 0, 0
0, 0, 0, 0
0, 0, 0, 0
0, 0, 0, 0
0, 0, 0, 0
0, 0, 0, 0
0, 0, 0, 0
0, 0, 0, 0
0, 0, 0, 0
0, 0, 0, 0
0, 0, 0, 0
0, 0, 0, 0
0, 0, 0, 0
0, 0, 0, 0
0, 0, 0, 0
0, 0, 0, 0
0, 0, 0, 0
0, 0, 0, 0
0, 0, 0, 0
0, 0, 0, 0
0, 0, 0, 0
0, 0, 0, 0
0, 0, 0, 0
0, 0, 0, 0
0, 0, 0, 0
0, 0, 0, 0
0, 0, 0, 0
0, 0, 0, 0
0, 0, 0, 0
0, 0, 0, 0
0, 0, 0, 0
0, 0, 0, 0
0, 0, 0, 0
0, 0, 0, 0
0, 0, 0, 0
0, 0, 0, 0
0, 0, 0, 0
0, 0, 0, 0
0, 0, 0, 0
0, 0, 0, 0
0, 0, 0, 0
0, 0, 0, 0
0, 0, 0, 0
0, 0, 0, 0
0, 0, 0, 0
0, 0, 0, 0
0, 0, 0, 0
0, 0, 0, 0
0, 0, 0, 0
0, 0, 0, 0
0, 0, 0, 0

10, 4, 3, -1
-10, -3, 6, 4
0, 0, -3, -4
2, 5, 0, -3
-2, 0, 2, 3
-1, -4, 0, 4
0, -3, 0, 1
1, -1, -4, 4
9, -5, -13, 2
10, 1, -4, -1
0, -1, 2, 4
0, -6, -1, 6
2, -4, -1, 2
-1, -2, 3, 2
-3, -1, 2, 0
-2, 0, 3, 0
-3, -2, 3, 2
-2, -2, 0, 0
0, 0, 2, 0
-5, -1, 5, 3
-2, -3, 0, 1
0, 0, -1, 0
3, 1, -4, -2
3, 1, 0, 3
0, -7, 0, 8
0, -6, 0, 2
-1, 0, 2, -1
-1, 1, 0, -1
0, 0, -2, 1
3, -1, -2, 1
0, -2, 3, 4
-3, -6, 1, 5
0, -3, 0, 2
0, -2, 1, 0
-2, 0, 3, 0
-4, -1, 2, 1
0, 0, -3, -1
3, 3, 0, -2
-3, 0, 4, 1
-4, 0, 2, -2
0, 4, -1, -3
2, 2, -1, -1
0, 0, 0, 0
-1, 0, 2, 0
-2, -1, 3, 0
-5, 0, 6, 0
-5, -1, 1, 0
0, 1, -1, -2
0, 2, 1, 0
-4, -1, 5, 2
-6, -3, 4, 1
-2, 1, 1, -3
-2, 1, 1, 3
3, -4, -6, 3
4, -1, 0, 1
-5, -1, 7, 1
-8, -1, 7, 2
-4, -3, 1, 3
0, -1, 1, -1
-5, 3, 9, -4
-9, 3, 5, -2
-1, 1, -1, 0
2, -2, -3, 4
4, -4, -4, 3
3, -2, 0, 0
-3, 0, 6, 1
-8, 0, 9, -2
-11, 4, 12, -3
-9, 0, 5, 0
-1, 0, 0, 0
-1, -1, 4, 3
-6, -4, 6, 4
-3, -2, 0, 0
3, 2, -4, -3
3, 4, 0, -3
-3, 1, 4, 0
-3, -2, 3, 3
-3, -5, 3, 5
-2, -4, 0, 2
0, 0, -2, -1
2, 2, -1, -1
0, 0, 0, 0
0, 0, 1, 0
-2, -2, 1, 4
1, -5, -3, 3
3, -3, -4, 5
6, -5, -6, 2
2, 0, 2, 1
-3, -2, 1, 1
0, -1, 1, 2
-2, -3, 0, 2
0, 0, 2, -2
-7, 0, 10, 6
-7, -8, 2, 5
0, 0, 3, -3
-7, 2, 7, 0
-5, 0, 3, 0
-2, -2, 0, 7
5, -9, -11, 5
10, 0, -4, 1
0, -6, 0, 10
6, -6, -9, -2
5, 7, 2, -4
-7, -3, 5, 11
2, -12, -7, 7
7, -1, -1, 0
-3, -4, 1, 8
6, -3, -7, -5
-2, 7, 20, 3
0, 0, 0, 0
0, 0, 0, 0
0, 0, 0, 0
0, 0, 0, 0
0, 0, 0, 0
0, 0, 0, 0
0, 0, 0, 0
0, 0, 0, 0
0, 0, 0, 0
0, 0, 0, 0
0, 0, 0, 0
0, 0, 0, 0
0, 0, 0, 0
0, 0, 0, 0
0, 0, 0, 0
0, 0, 0, 0
0, 0, 0, 0
0, 0, 0, 0
0, 0, 0, 0
0, 0, 0, 0
0, 0, 0, 0
0, 0, 0, 0
0, 0, 0, 0
0, 0, 0, 0
0, 0, 0, 0
0, 0, 0, 0
0, 0, 0, 0
0, 0, 0, 0
0, 0, 0, 0
0, 0, 0, 0
0, 0, 0, 0
0, 0, 0, 0
0, 0, 0, 0
0, 0, 0, 0
0, 0, 0, 0
0, 0, 0, 0
0, 0, 0, 0
0, 0, 0, 0
0, 0, 0, 0
0, 0, 0, 0
0, 0, 0, 0
0, 0, 0, 0
0, 0, 0, 0
0, 0, 0, 0
0, 0, 0, 0
0, 0, 0, 0
0, 0, 0, 0
0, 0, 0, 0
0, 0, 0, 0
0, 0, 0, 0
0, 0, 0, 0
0, 0, 0, 0
0, 0, 0, 0
0, 0, 0, 0
0, 0, 0, 0
0, 0, 0, 0
0, 0, 0, 0
0, 0, 0, 0
0, 0, 0, 0
0, 0, 0, 0
0, 0, 0, 0
0, 0, 0, 0
0, 0, 0, 0
0, 0, 0, 0
0, 0, 0, 0
0, 0, 0, 0
0, 0, 0, 0
0, 0, 0, 0
0, 0, 0, 0
0, 0, 0, 0
0, 0, 0, 0
0, 0, 0, 0
0, 0, 0, 0
0, 0, 0, 0
0, 0, 0, 0
0, 0, 0, 0
0, 0, 0, 0
0, 0, 0, 0
0, 0, 0, 0
0, 0, 0, 0
0, 0, 0, 0
0, 0, 0, 0
0, 0, 0, 0
0, 0, 0, 0
0, 0, 0, 0
0, 0, 0, 0
0, 0, 0, 0
0, 0, 0, 0
0, 0, 0, 0
0, 0, 0, 0
0, 0, 0, 0
0, 0, 0, 0
0, 0, 0, 0
0, 0, 0, 0
0, 0, 0, 0
0, 0, 0, 0
0, 0, 0, 0
0, 0, 0, 0
0, 0, 0, 0
0, 0, 0, 0
0, 0, 0, 0
0, 0, 0, 0
0, 0, 0, 0
0, 0, 0, 0
0, 0, 0, 0
0, 0, 0, 0
0, 0, 0, 0
0, 0, 0, 0
0, 0, 0, 0
0, 0, 0, 0
0, 0, 0, 0
0, 0, 0, 0
0, 0, 0, 0
0, 0, 0, 0
0, 0, 0, 0
0, 0, 0, 0
0, 0, 0, 0
0, 0, 0, 0
0, 0, 0, 0
0, 0, 0, 0
0, 0, 0, 0
0, 0, 0, 0
0, 0, 0, 0
0, 0, 0, 0
0, 0, 0, 0
0, 0, 0, 0
0, 0, 0, 0
0, 0, 0, 0
0, 0, 0, 0
0, 0, 0, 0
0, 0, 0, 0
0, 0, 0, 0
0, 0, 0, 0
0, 0, 0, 0
0, 0, 0, 0
0, 0, 0, 0
0, 0, 0, 0
0, 0, 0, 0
0, 0, 0, 0
0, 0, 0, 0
0, 0, 0, 0
0, 0, 0, 0
0, 0, 0, 0
0, 0, 0, 0
0, 0, 0, 0
0, 0, 0, 0
0, 0, 0, 0
0, 0, 0, 0
0, 0, 0, 0
0, 0, 0, 0
0, 0, 0, 0
0, 0, 0, 0
0, 0, 0, 0
0, 0, 0, 0
0, 0, 0, 0
0, 0, 0, 0
0, 0, 0, 0
0, 0, 0, 0
0, 0, 0, 0
0, 0, 0, 0
0, 0, 0, 0
0, 0, 0, 0
0, 0, 0, 0
0, 0, 0, 0
0, 0, 0, 0
0, 0, 0, 0
0, 0, 0, 0
0, 0, 0, 0
0, 0, 0, 0
0, 0, 0, 0
0, 0, 0, 0
0, 0, 0, 0
0, 0, 0, 0
0, 0, 0, 0
0, 0, 0, 0
0, 0, 0, 0
0, 0, 0, 0
0, 0, 0, 0
0, 0, 0, 0
0, 0, 0, 0
0, 0, 0, 0
0, 0, 0, 0
0, 0, 0, 0
0, 0, 0, 0
0, 0, 0, 0
0, 0, 0, 0
0, 0, 0, 0
0, 0, 0, 0
0, 0, 0, 0
0, 0, 0, 0
0, 0, 0, 0

-5, 6, 3, 3
6, -15, -19, 21
25, -15, -16, 0
-6, 8, 26, -5
-29, -5, 10, 12
14, -10, -26, 3
21, 0, -12, 0
6, -1, -4, 1
0, -1, 5, 2
-11, -10, 6, 21
8, -20, -18, 6
11, 7, 8, -11
-23, 6, 24, 0
-13, -1, 2, 0
3, 1, -5, 0
7, -5, -13, 12
22, -10, -27, 0
19, 7, -5, -5
-2, -2, 2, 8
0, -9, -2, 7
1, -4, 1, 1
-7, -1, 10, 5
-7, -6, 0, 2
2, 1, 0, -2
-2, 0, 3, 3
-2, -1, 4, -4
-10, 6, 14, -3
-12, 0, 4, 1
0, 1, 0, -3
-5, 5, 9, -7
-12, 8, 12, -4
-7, 1, 0, 0
4, 2, -2, -1
-1, 0, 0, 1
2, 0, -5, -2
4, 2, -1, 1
0, -4, -2, 4
4, 0, -2, -2
-1, 1, 3, 2
0, -4, -5, 4
9, 0, -7, -2
1, 1, 4, 1
-7, -4, 8, 4
-9, -4, 7, 6
-2, -6, -2, 3
4, -1, -2, 1
1, -2, 0, 5
2, -7, -6, 4
10, 2, -9, -8
1, 5, 3, 2
-1, -8, -5, 8
8, -5, -7, 3
3, -2, 1, 0
-6, 0, 8, 2
-4, -2, 0, 1
2, 0, -2, 2
1, -3, -1, 1
1, 1, 0, -3
-1, 2, 2, 0
-2, -1, 1, 3
0, -5, -1, 7
3, -9, -6, 8
6, -6, -4, 4
0, -4, 2, 5
-2, -5, 0, 4
0, -1, 1, 0
-4, 0, 5, 0
-4, 0, 3, 2
-3, -5, 1, 6
0, -6, 0, 4
0, -3, 1, 2
-3, -3, 4, 5
-2, -7, 0, 5
3, -2, -3, 0
1, 1, 1, 0
-3, -1, 1, 2
2, -1, -4, 0
2, 0, 0, 0
-1, -2, 0, 2
1, -1, -3, 0
3, 0, 0, 0
-2, -2, 4, 4
-3, -5, 0, 5
2, -3, -1, 1
0, 0, 3, 2
-3, -5, 0, 7
5, -7, -8, 4
6, -2, -1, 1
-4, -2, 7, 3
-6, -2, 4, 1
-1, 0, -1, -1
1, 2, 0, 0
-3, -3, 4, 6
-3, -5, 2, 1
-4, 0, 6, 1
-4, -3, 1, 3
-1, -3, 3, 3
-6, -5, 5, 6
-3, -4, 1, 1
-1, 0, 3, 0
-5, -1, 5, 1
-3, -1, 2, 1
-1, -1, 2, 0
-3, 0, 5, 1
-5, -2, 4, 2
-2, -1, 0, 0
0, 0, 1, 0
-4, 0, 6, 1
-6, -2, 5, 2
-3, -2, 1, 1
0, -2, -2, 2
3, -2, -3, 3
1, -3, 1, 4
-2, -4, 3, 4
-4, -3, 3, 4
0, -3, 0, 1
-1, 0, 4, 3
-5, -6, 2, 7
0, -6, 0, 5
0, -6, 1, 6
0, -5, 0, 2
-1, 0, 2, 1
-2, -2, 3, 3
-3, -3, 5, 2
-6, -3, 5, 4
-4, -6, 3, 6
-3, -5, 4, 4
-6, -4, 7, 6
-5, -7, 3, 6
-2, -3, 3, 3
-3, -4, 1, 5
1, -3, 0, 0
-4, -2, 8, 8
-5, -11, -1, 7
3, -2, -1, 2
-2, -5, 3, 6
-3, -5, 3, 3
-3, -3, 2, 3
-1, -4, 0, 4
-1, -3, 2, 3
-5, -2, 7, 2
-7, -3, 5, 5
-2, -5, 0, 5
0, -4, 3, 4
-5, -6, 6, 7
-4, -7, 2, 5
-1, -4, 0, 4
-1, -5, 1, 7
-2, -8, 3, 10
-4, -13, 3, 16
1, -13, -3, 6
0, -1, 6, 2
-8, -4, 8, 5
-7, -6, 5, 9
-2, -9, 1, 5
-5, -2, 10, 3
-12, -5, 9, 4
-4, -2, 2, 0
-3, -1, 4, 4
-3, -6, 1, 6
0, -4, 1, 3
-3, -3, 4, 3
-4, -4, 3, 4
-2, -4, 2, 5
-2, -6, 1, 7
0, -6, -2, 6
2, -5, 0, 4
-4, -4, 6, 4
-6, -3, 6, 1
-6, -1, 5, 1
-4, -2, 3, 2
-3, -2, 4, 2
-5, -3, 5, 3
-5, -3, 4, 4
-1, -4, 0, 3
0, -2, 2, 4
-2, -6, 1, 6
0, -5, -1, 3
0, -3, 1, 5
0, -8, -1, 8
1, -7, 0, 5
-2, -4, 3, 4
-2, -3, 3, 3
-4, -4, 5, 5
-6, -5, 6, 5
-5, -5, 4, 5
-3, -4, 3, 4
-4, -5, 3, 8
0, -8, -2, 5
1, -4, 2, 4
-5, -5, 6, 6
-5, -5, 4, 4
-2, -2, 0, 2
1, -2, -1, 1
0, -2, 2, 4
-3, -7, 3, 8
-3, -7, 3, 6
-2, -6, 1, 6
0, -6, 0, 6
1, -6, 0, 4
-4, -4, 7, 5
-7, -6, 3, 4
-1, -1, 2, 0
-4, -2, 4, 6
-4, -7, 4, 7
-6, -7, 7, 6
-6, -5, 5, 4
-4, -3, 2, 2
-2, -1, 3, 1
-5, -1, 8, 1
-11, -1, 15, 3
-15, -5, 13, 5
-10, -4, 9, 3
-8, -3, 7, 3
-5, -3, 3, 3
-2, -3, 2, 4
-2, -5, 1, 6
0, -6, 0, 3
-1, -2, 3, 4
-4, -5, 4, 4
-5, -3, 7, 3
-10, -4, 10, 6
-9, -8, 6, 8
-3, -7, 1, 5
-2, -3, 5, 5
-6, -7, 5, 6
-6, -4, 7, 3
-8, -4, 6, 4
-4, -4, 2, 3
-1, -2, 2, 3
-4, -4, 5, 6
-6, -8, 5, 7
-5, -7, 6, 7
-5, -9, 2, 10
2, -10, -4, 8
3, -6, 0, 5
-3, -5, 5, 5
-5, -3, 6, 1
-7, -1, 6, 4
-3, -5, 0, 4
0, -2, 3, 1
-6, -4, 5, 7
-1, -7, -1, 6
0, -4, 1, 4
-1, -4, 2, 3
-2, -4, 2, 6
-2, -7, 1, 7
-1, -7, 2, 8
-3, -7, 4, 5
-6, -5, 6, 7
-3, -7, 0, 5
0, -2, 1, 0
-5, -1, 8, 3
-8, -3, 7, 3
-6, -3, 4, 4
-3, -3, 2, 3
-3, -3, 5, 5
-4, -6, 1, 5
0, -3, 0, 3
-3, -5, 4, 7
-5, -9, 5, 9
-5, -9, 4, 7
-4, -6, 4, 5
-3, -4, 3, 4
-3, -4, 3, 4
-4, -4, 5, 4
-5, -5, 4, 6
-3, -5, 3, 3
-5, -3, 6, 5
-5, -7, 3, 6
-2, -4, 3, 2
-5, -3, 5, 4
-4, -5, 3, 4
-3, -3, 5, 3
-8, -4, 9, 6
-7, -7, 3, 5
-1, -3, 2, 1
-4, -3, 5, 6
-4, -8, 1, 6
-1, -4, 2, 4
-2, -4, 0, 3
0, -3, 2, 5
-3, -6, 4, 7
-4, -6, 5, 6
-4, -6, 1, 5
0, -3, 2, 2
-6, -3, 7, 5
-5, -6, 2, 5
-3, -4, 5, 5
-7, -7, 5, 7
-3, -5, 2, 4
-3, -4, 4, 5
-4, -5, 5, 4
-6, -3, 8, 4
-8, -5, 4, 5
0, -4, 0, 3
0, 0, 0, 0
0, -4, 0, 5
0, -5, 0, 5
0, -4, 2, 4

-3, -1, 5, 1
-7, -1, 8, 2
-8, -3, 7, 5
-6, -7, 4, 7
-2, -7, 1, 6
-2, -5, 3, 5
-5, -5, 6, 6
-6, -6, 5, 5
-4, -5, 3, 5
-3, -6, 3, 6
-2, -6, 2, 5
-1, -4, 2, 2
-3, -3, 4, 4
-3, -6, 1, 5
-1, -3, 3, 2
-7, -2, 9, 3
-9, -5, 7, 6
-4, -6, 2, 4
-2, -3, 2, 3
-3, -4, 4, 5
-4, -6, 3, 5
-3, -5, 2, 6
-1, -7, 0, 6
-1, -4, 2, 3
-3, -3, 4, 4
-3, -4, 3, 3
-3, -3, 3, 5
-2, -6, 1, 5
-1, -3, 3, 0
-8, 0, 11, 4
-12, -8, 8, 9
-4, -8, 1, 5
0, 0, 1, -2
-5, 1, 7, 2
-5, -5, 0, 5
2, -3, -2, 2
0, -3, 2, 5
-2, -5, 3, 3
-4, -3, 4, 3
-2, -3, 1, 2
-2, -1, 4, 1
-5, -3, 4, 4
-2, -4, 1, 4
-1, -3, 3, 4
-5, -6, 5, 7
-4, -6, 2, 4
-3, -2, 7, 0
-11, -1, 13, 4
-12, -7, 9, 8
-5, -5, 2, 1
-2, 0, 3, 1
-3, -4, 0, 6
1, -5, 0, 3
-2, -3, 4, 5
-4, -7, 1, 8
0, -6, 0, 4
-2, -2, 7, 2
-11, -2, 11, 4
-7, -4, 3, 3
-2, -2, 4, 4
-5, -7, 5, 8
-4, -7, 4, 5
-6, -5, 8, 5
-8, -6, 6, 6
-4, -6, 2, 8
0, -9, -3, 7
3, -4, -1, 3
-1, -4, 2, 4
-2, -5, 3, 5
-5, -6, 6, 6
-6, -6, 6, 5
-6, -5, 6, 6
-5, -7, 4, 8
-3, -7, 3, 7
-3, -6, 2, 4
0, -2, 0, 1
0, 0, 0, 0
-1, 0, 2, 2
-3, -3, 5, 6
-5, -8, 6, 9
-5, -8, 4, 6
-3, -4, 3, 4
-4, -6, 4, 7
-4, -7, 4, 5
-5, -4, 6, 4
-6, -4, 6, 4
-7, -4, 7, 3
-7, -3, 6, 3
-4, -2, 2, 2
-1, -2, 0, 4
0, -5, 0, 5
0, -5, 2, 5
-2, -6, 2, 5
-1, -4, 0, 3
0, -3, 0, 2
0, -1, 0, 0
-2, 0, 4, 1
-4, -3, 3, 4
-2, -4, 2, 3
-2, -2, 4, 1
-5, -2, 5, 3
-5, -4, 4, 3
-5, -3, 5, 4
-5, -4, 4, 5
-3, -7, 1, 7
0, -7, 1, 6
-3, -7, 4, 8
-3, -8, 2, 5
-3, -3, 4, 2
-7, -2, 8, 4
-7, -7, 5, 8
-3, -7, 3, 4
-5, -4, 6, 4
-6, -5, 5, 4
-3, -4, 3, 4
-2, -3, 2, 3
-3, -2, 3, 2
-3, -2, 2, 4
0, -4, -1, 4
0, -4, 1, 4
-4, -5, 5, 5
-5, -4, 5, 3
-5, -2, 5, 1
-6, -2, 6, 1
-6, -1, 5, 2
-3, -3, 1, 3
-1, -3, 2, 3
-2, -3, 2, 3
-2, -2, 3, 2
-4, -2, 3, 2
-3, -2, 2, 1
-1, -1, 1, 1
-2, -3, 3, 5
-3, -8, 2, 8
-1, -7, 1, 5
-2, -4, 4, 4
-6, -5, 7, 5
-7, -5, 5, 6
-2, -5, 0, 3
0, -1, 2, 1
-4, -1, 4, 2
-4, -3, 4, 5
-4, -6, 4, 7
-5, -8, 4, 8
-2, -6, 1, 3
-3, -2, 5, 3
-6, -4, 3, 3
0, 0, 0, 0
-2, -5, 9, 15
-16, -26, 15, 28
-6, -18, 0, 3
-1, 3, 6, -1
-9, -3, 15, 11
-26, -25, 29, 35
-16, -27, 0, 4
1, 12, 14, -6
-30, -18, 29, 35
-11, -28, 0, 8
-2, 4, 11, -5
-17, -4, 22, 21
-24, -38, 17, 41
0, -21, -14, -10
19, 35, -17, -44
14, 40, -14, -33
8, 20, 16, 12
-45, -59, 36, 73
9, -26, -32, -33
6, 44, 32, -5
-38, -34, 5, 31
34, 8, -36, -38
3, 20, 22, 26
-15, -53, -16, 33
39, 16, -28, -46
-1, 34, 16, -2
-5, -15, -10, 11
13, -1, -5, -1
-3, -2, 5, 6
-2, -5, -3, 0
10, 10, -10, -17
4, 14, 2, -5
-3, -3, -4, 0
16, 16, -16, -26
5, 20, -7, -14
25, 26, -26, -35
3, 18, 13, 8
-6, -12, -2, 0
-5, 5, 14, 0
-11, -7, 2, 10
-2, -17, 16, 39
-32, -71, 24, 86
5, -59, -24, 11
13, 18, 8, -15
-12, 0, 0, 3
9, 1, 5, 6
-33, -33, 40, 55
-20, -48, 0, 20
2, -2, -2, -1
10, 6, -14, -13
3, 11, 5, -3
-2, 2, 4, -5
-19, -4, 32, 19
-26, -20, 13, 6
-9, 6, 16, -3
-19, -8, 0, 1
26, 31, -27, -55
0, 39, 19, -1
-8, -20, -14, 17
23, -5, -14, 0
1, -3, 3, 6
0, -6, -1, 3
1, -2, -1, 1
4, 0, -5, -6
2, 10, 4, -10
-11, 4, 12, 3
-8, -8, 3, 8
-2, -7, 3, 5
-2, -4, 1, 2
-2, -3, 3, 6
-3, -9, 1, 9
0, -6, 3, 3
-6, -2, 5, 0
0, 6, 0, -10
-4, 3, 7, 7
-2, -12, -3, 10
3, -7, 0, 8
-6, -9, 12, 6
-19, -3, 22, 3
-17, -1, 8, -4
-5, 9, 4, -8
-1, 4, -3, -3
4, 3, -1, -1
-1, -3, 1, 7
1, -6, 0, 2
-4, -1, 7, 6
-6, -9, 3, 5
-3, -1, 7, 1
-10, -4, 9, 7
-9, -8, 9, 9
-10, -10, 8, 9
-4, -7, 0, 3
1, 2, 5, -8
-17, 6, 21, 0
-14, -1, 5, -7
-6, 13, 12, -9
-13, 1, 8, 4
-3, -5, 2, 5
-4, -6, 6, 6
-6, -6, 4, 4
-5, 0, 10, -2
-17, 1, 19, 2
-13, -5, 5, 3
-1, -2, 0, 2
0, -1, 0, -1
-4, 1, 10, 0
-13, -2, 10, 3
-6, -3, 4, 4
-4, -5, 4, 6
-3, -5, 2, 4
-2, -4, 2, 4
-2, -4, 1, 4
0, -6, -5, 10
12, -10, -16, 7
13, -4, -4, 6
-2, -8, 7, 7
-11, -4, 13, 3
-10, -4, 5, 3
-2, -2, 3, 2
-5, -5, 4, 6
0, -4, -1, 3
0, -3, 0, 4
-2, -5, 2, 6
-2, -6, 2, 5
-3, -4, 3, 3
-2, -2, 0, 1
0, -1, 1, 1
-1, -2, 3, 1
-5, -1, 8, 1
-8, -2, 6, 2
-3, -2, 1, 3
-1, -5, 0, 6
0, -5, -2, 4
2, -2, 0, 2
0, 0, 0, 0
-4, -3, 6, 4
-3, -4, 0, 3
3, -1, -4, 0
2, -1, 0, 3
0, -4, 0, 3
0, -2, 1, 1
-3, -2, 5, 6
-6, -9, 4, 11
-1, -8, 0, 4
-1, -1, 4, 2
-4, -4, 2, 4
0, -5, 0, 4
1, -3, -1, 2
0, -2, 2, 3
-2, -2, 0, 0
-1, 1, 3, -1
-5, 1, 6, 0

0, -1, 0, 1
0, -2, 0, 3
0, -4, 1, 5
-2, -6, 3, 7
-3, -7, 2, 5
-1, -4, 0, 2
0, -2, 2, 3
-2, -4, 1, 3
-1, -1, 2, 1
-2, -3, 1, 4
1, -5, -2, 4
0, -4, 0, 5
-1, -5, 1, 4
0, -3, 0, 2
0, -1, 1, 2
-2, -4, 1, 6
1, -4, -3, 0
0, 0, 2, 1
-4, -5, 1, 6
0, -4, 0, 3
-1, -4, 2, 5
-3, -5, 4, 3
-6, -1, 9, 3
-9, -6, 7, 7
-5, -5, 5, 4
-7, -4, 7, 6
-5, -7, 2, 7
1, -4, -3, 2
2, 0, 0, 1
-2, -3, 2, 4
-2, -5, 3, 6
-4, -6, 3, 5
-3, -5, 3, 5
-1, -6, 0, 4
-1, -3, 3, 3
-4, -4, 3, 4
-2, -5, 1, 6
1, -5, -3, 2
1, 0, 1, 0
-3, -2, 2, 3
0, -3, 0, 3
-1, -4, 1, 4
0, -2, -1, 0
0, 0, 2, 2
-1, -6, -1, 7
4, -4, -2, 2
-2, -3, 7, 7
-7, -10, 4, 9
-3, -5, 5, 2
-8, -2, 8, 3
-5, -3, 1, 1
0, 1, 3, -1
-8, -1, 11, 5
-10, -6, 7, 5
-4, -2, 3, 1
-4, -2, 3, 3
-2, -3, 2, 3
-3, -4, 4, 6
-3, -8, 0, 6
2, -3, -2, 0
0, 0, 2, 0
-3, 0, 5, 0
-6, 0, 6, 2
-5, -3, 3, 4
0, -4, 0, 2
0, -1, 2, 1
-4, -3, 5, 5
-4, -7, 3, 7
-1, -6, 2, 4
-5, -4, 7, 6
-5, -7, 2, 4
-1, -2, 2, 2
-2, -3, 2, 4
-1, -3, 3, 1
-6, -3, 9, 6
-8, -9, 4, 8
-1, -5, 0, 3
0, -3, 1, 6
0, -8, -2, 7
2, -5, 0, 4
-2, -4, 3, 4
-3, -3, 3, 2
-3, -3, 3, 4
-3, -6, 3, 5
-4, -4, 4, 4
-3, -3, 1, 0
-3, 1, 6, -1
-9, -1, 8, 3
-4, -3, 1, 2
-1, -1, 2, 2
-2, -4, 2, 4
-4, -5, 6, 6
-6, -7, 5, 5
-4, -3, 4, 2
-5, -4, 6, 6
-7, -7, 8, 6
-9, -5, 9, 5
-8, -4, 5, 4
-3, -3, 1, 1
-1, -1, 1, 1
-1, -2, 0, 1
0, -2, 1, 2
-2, -2, 3, 2
-4, -4, 4, 5
-2, -5, 0, 3
0, -2, 1, 3
-1, -3, 0, 2
0, -1, 0, 0
-2, 0, 3, 0
-2, -1, 1, 2
-1, -2, 3, 3
-6, -4, 7, 6
-6, -7, 4, 7
-3, -6, 3, 5
-4, -3, 7, 1
-10, -1, 11, 2
-8, -3, 4, 2
-3, -3, 3, 5
-3, -7, 4, 7
-5, -5, 7, 4
-7, -3, 5, 2
-2, -1, 2, 1
-2, -1, 2, 2
-2, -2, 2, 3
-1, -5, 0, 5
0, -5, 2, 5
-4, -6, 5, 7
-3, -6, 1, 4
-2, -4, 4, 6
-3, -9, 0, 9
3, -8, -4, 5
1, -5, 2, 6
-4, -8, 4, 7
-5, -4, 5, 4
-5, -4, 5, 6
-4, -7, 3, 7
-2, -5, 4, 5
-5, -6, 3, 6
0, -5, -1, 3
1, -2, 1, 3
-4, -4, 6, 5
-6, -6, 5, 6
-3, -6, 3, 5
-2, -5, 0, 4
0, -2, 1, 0
-4, 1, 9, 3
-11, -11, 6, 13
3, -4, -5, -3
-2, 1, 14, 11
-18, -24, 10, 22
1, -5, -1, -7
-12, 5, 14, -2
-4, 11, 14, -3
-42, -37, 35, 67
16, -37, -46, -15
11, 17, 57, 48
-94, -127, 66, 141
-4, -68, -28, -27
11, 74, 32, -45
-59, -22, 44, 66
-2, -55, -22, 19
18, 2, -3, -3
-5, 0, 9, -4
-18, 7, 30, 0
-30, -7, 10, -2
14, 29, -13, -40
-12, 16, 28, 19
-17, -28, -1, 9
5, 12, 0, -22
1, 23, -8, -21
11, 17, -15, -17
18, 26, -7, -27
-18, 6, 32, 24
-20, -35, -6, 15
24, 16, -17, -30
-2, 19, 6, -4
9, 8, -18, -19
5, 15, 12, 7
-16, -25, -1, 18
24, 12, -26, -39
9, 40, 4, -21
-3, 4, -3, 3
7, -6, -12, 0
21, 15, -19, -24
2, 12, 15, 8
-21, -21, 16, 18
-11, -8, 13, 7
-18, -18, 15, 26
-5, -21, 0, 10
-4, -5, 8, 6
-5, -6, 1, 4
-5, -10, 17, 30
-28, -55, 30, 68
-24, -59, 16, 38
-10, -15, 8, -1
-10, 5, 11, -1
-8, -2, 3, 4
-2, -3, 3, 2
-5, -2, 6, 4
-6, -7, 7, 10
-7, -12, 2, 9
5, 1, -8, -9
4, 7, -1, 0
2, -6, -4, 7
3, -6, 0, 7
-3, -8, 3, 9
-5, -8, 10, 8
-14, -8, 13, 6
-8, -2, -1, 0
11, 0, -18, 0
17, -4, -13, 10
8, -13, -3, 11
0, -9, 5, 7
-8, -7, 6, 8
-2, -7, 1, 4
-5, -4, 9, 8
-6, -9, 1, 5
-1, 0, 5, -1
-8, -1, 6, 5
-3, -8, 1, 11
-2, -15, 3, 16
-1, -15, -2, 14
7, -11, -8, 6
4, -4, 1, 3
-5, -4, 5, 4
-2, -5, 0, 7
0, -8, 1, 8
-5, -7, 8, 6
-9, -6, 7, 8
-3, -10, 0, 8
0, -5, 2, 4
-4, -6, 2, 8
4, -7, -8, 1
6, 1, -1, 0
-2, -5, 3, 11
0, -12, -3, 9
4, -5, -2, 3
1, -3, -1, 3
0, -3, 0, 3
0, -1, 0, 0
-3, 2, 8, 0
-10, -3, 7, 5
-1, -3, -1, 0
0, 0, 0, 1
0, -4, -2, 5
3, -3, -1, 0
-5, -2, 9, 7
-7, -10, 2, 8
1, -8, -4, 11
8, -11, -12, 6
9, -2, -1, 2
-4, -4, 6, 4
-5, -3, 4, 2
-3, -1, 2, 1
-2, -1, 2, 3
-2, -5, 4, 8
-6, -9, 7, 10
-7, -9, 6, 6
-7, -3, 10, 2
-12, -4, 10, 7
-5, -7, 0, 3
1, 0, 1, 1
-5, -3, 5, 5
-4, -4, 4, 2
-8, -2, 11, 5
-11, -8, 9, 8
-6, -6, 5, 5
-4, -6, 3, 6
-3, -5, 5, 4
-7, -5, 6, 8
-3, -8, 2, 7
-3, -7, 6, 8
-7, -8, 6, 6
-6, -6, 6, 7
-4, -7, 2, 6
0, -4, 0, 4
0, -7, 1, 10
-1, -11, 0, 9
0, -6, 0, 5
-3, -6, 5, 6
0, 0, 0, 0
-6, -6, 8, 6
-8, -7, 7, 7
-5, -6, 4, 4
-3, -4, 2, 4
-1, -4, 2, 4
-4, -5, 6, 6
-6, -6, 5, 5
-5, -3, 6, 3
-8, -5, 8, 7
-4, -7, 1, 7
0, -5, 0, 3
-2, -3, 4, 5
-5, -7, 6, 8
-6, -8, 7, 6
-9, -4, 10, 2
-10, -2, 9, 2
-7, -3, 3, 3
-2, -4, 3, 6
-4, -8, 3, 9

-3, -6, 4, 7
-5, -7, 5, 7
-5, -6, 5, 7
-4, -7, 2, 6
-2, -6, 1, 7
0, -7, 0, 4
-4, -2, 10, 2
-14, -4, 14, 6
-11, -7, 8, 8
-7, -9, 5, 10
-4, -9, 4, 6
-6, -6, 7, 8
-4, -8, 1, 4
-2, -1, 4, 2
-4, -4, 3, 5
-3, -5, 3, 5
-3, -4, 2, 3
-2, -2, 3, 2
-4, -4, 3, 6
0, -6, 0, 6
-1, -6, 1, 7
-1, -6, 0, 4
-1, -4, 3, 5
-4, -5, 5, 4
-7, -3, 10, 4
-12, -5, 11, 6
-7, -6, 4, 5
-4, -6, 5, 7
-7, -8, 8, 7
-9, -6, 8, 6
-5, -4, 3, 1
-4, 0, 6, 1
-8, -6, 6, 8
-3, -7, 2, 4
-5, -3, 9, 4
-11, -6, 10, 7
-7, -6, 3, 3
-2, -2, 2, 2
-2, -4, 1, 6
0, -5, 1, 3
-3, -2, 4, 3
-4, -3, 4, 4
-4, -5, 4, 5
-2, -5, 2, 4
-3, -4, 3, 5
-4, -4, 6, 5
-9, -5, 10, 6
-10, -5, 8, 5
-3, -3, 0, 0
-1, 0, 4, 3
-4, -7, 1, 9
1, -8, -2, 5
0, -4, 1, 4
-3, -5, 4, 6
-7, -7, 8, 10
-7, -11, 5, 9
-4, -5, 5, 4
-5, -4, 3, 6
-1, -7, 0, 6
-1, -4, 5, 3
-8, -4, 8, 5
-4, -5, 0, 2
0, 0, 3, 0
-8, -3, 10, 7
-7, -8, 2, 5
-1, -3, 2, 3
-1, -4, 0, 4
1, -2, -1, 1
-1, -2, 3, 3
-5, -3, 7, 2
-10, -4, 9, 7
-5, -7, 1, 4
-1, -2, 4, 4
-2, -5, 0, 3
1, -1, 0, 1
0, -3, 0, 4
1, -4, -1, 3
1, -1, 0, 1
0, -2, 0, 3
0, -3, 0, 3
-2, -5, 5, 7
-7, -6, 8, 3
-10, -1, 11, 2
-8, -4, 3, 3
0, -3, 0, 2
-2, -3, 4, 4
-7, -6, 9, 7
-8, -6, 6, 4
-5, -3, 7, 4
-10, -7, 11, 10
-9, -9, 6, 6
-4, -3, 4, 2
-4, -3, 4, 5
-3, -6, 2, 6
-2, -7, 4, 8
-4, -7, 3, 4
-3, -2, 4, 1
-6, -4, 7, 9
-6, -11, 4, 9
-2, -6, 2, 2
-3, -2, 4, 4
-3, -6, 2, 6
-3, -5, 5, 5
-8, -6, 9, 8
-6, -8, 2, 6
-2, -5, 5, 6
-6, -9, 5, 11
-2, -10, 0, 7
0, -5, 0, 4
0, -4, 1, 4
-3, -5, 5, 6
-5, -7, 5, 6
-4, -6, 3, 4
-2, -3, 2, 2
-2, -3, 1, 4
0, -3, 0, 3
-3, -4, 6, 6
-6, -7, 5, 6
-5, -5, 6, 5
-6, -5, 4, 4
-4, -3, 6, 4
-6, -5, 4, 4
-4, -2, 5, 2
-6, -3, 5, 4
-4, -4, 3, 4
-2, -4, 2, 5
0, -5, -2, 3
2, -1, 0, 2
-2, -5, 3, 8
-3, -8, 2, 6
-1, -2, 1, 0
-3, 0, 4, 2
-4, -3, 5, 2
-9, -2, 12, 5
-10, -6, 5, 4
-2, -2, 4, 5
-6, -9, 7, 12
-7, -11, 6, 8
-4, -4, 3, 2
-3, -1, 3, 3
-2, -5, 1, 5
-2, -4, 4, 6
-4, -9, 2, 11
1, -13, -5, 15
5, -14, -2, 9
-3, -4, 9, 3
-11, -6, 4, 6
6, -1, -9, -5
1, 6, 10, -3
-18, 1, 21, -2
-21, 1, 19, 2
-17, -7, 17, 9
-15, -6, 10, 0
-4, 5, 0, -12
0, 20, 7, -24
-20, 15, 25, 0
-15, -8, 0, 3
6, 7, -3, -12
-3, 9, 3, -6
0, 8, 2, -10
-12, 6, 17, 1
-10, -5, -1, 0
3, 8, 6, -11
-14, 6, 9, -1
3, 1, -1, 11
-19, -42, 33, 66
-15, -44, -20, -22
41, 91, -30, -113
1, 77, 17, -17
-10, -21, -13, 25
27, -13, -13, 15
-10, -36, 6, 41
25, -9, -41, -24
24, 24, -13, -12
30, 29, -38, -62
7, 60, 31, -13
-33, -31, 0, 34
25, -8, -18, -6
1, 4, -1, -4
10, 13, -9, -14
4, 5, -8, -1
14, 5, -8, -7
-6, 0, 10, 5
1, 0, -12, -10
8, 8, -1, 5
3, -14, -9, 12
6, -8, 3, 11
-6, -17, 0, 17
12, -9, -15, 0
10, 4, -1, -1
-3, -3, 4, 7
-3, -8, 1, 8
0, -5, -3, 0
4, 6, 0, -8
-3, 6, 0, -4
4, 4, -9, -3
11, 5, -5, -10
-9, 8, 20, 0
-19, -2, 13, -3
-11, 3, 8, 6
2, -12, -14, 6
14, 3, -1, -5
-14, 1, 24, 2
-27, -5, 25, 3
-21, 1, 22, -6
-26, 3, 24, 3
-13, -7, -3, 4
15, 9, -8, -24
-15, 23, 32, -8
-27, -1, 10, -1
0, 10, 3, -12
-10, 6, 11, 0
-6, 3, 5, -10
-10, 13, 11, -9
-4, 8, -3, -12
2, 12, 3, -4
-5, -4, 1, 7
2, -6, -5, 5
6, -4, -5, 2
2, 0, 3, -1
-9, 1, 13, 1
-11, -6, 5, 9
0, -9, -2, 8
-1, -11, 4, 15
0, -14, -5, 5
3, 1, 3, -1
-10, -1, 14, 2
-19, -5, 20, 10
-12, -10, 3, 5
-2, 0, 6, 0
-10, -3, 9, 7
-4, -5, 4, 0
-9, 3, 13, -2
-11, 1, 5, 0
0, 0, -4, 1
7, -1, -6, 2
4, -3, -2, 3
0, -2, 3, 1
-8, -1, 10, 1
-10, -1, 7, 1
-2, -3, -2, 6
8, -6, -12, 3
10, 0, -4, 0
-2, -5, 6, 8
-5, -8, 1, 3
0, 1, -1, -4
0, 3, 1, -1
-3, -2, 2, 3
0, 0, 3, -4
-10, 3, 14, 4
-8, -10, -2, 10
10, -4, -9, 0
1, 0, 7, 3
-11, -7, 10, 7
-7, -5, 5, 3
-5, -3, 6, 4
-5, -5, 3, 5
-1, -6, 0, 7
2, -5, -2, 2
0, -1, 4, 3
-4, -5, 3, 4
-3, -1, 7, 0
-10, -2, 8, 3
-2, -1, -2, -1
2, 2, 0, -3
-3, 3, 7, -3
-10, 2, 10, 1
-5, -3, 0, 2
0, -1, 2, 2
-5, -5, 4, 5
-3, -3, 1, 0
-2, 4, 3, -4
-3, 2, 1, 1
1, -2, -4, 1
3, -1, -1, 5
1, -11, -4, 15
8, -13, -7, 8
1, -5, 3, 3
-5, 0, 4, -2
-5, 5, 7, -5
-8, 3, 8, 0
-7, -2, 4, 5
0, -5, -1, 2
0, -1, 2, 1
-2, -1, 0, 0
2, 1, -1, -1
0, 0, 0, 4
0, -3, 0, 0
0, 0, 0, 0
-4, 1, 7, 2
-3, -6, -2, 7
5, -6, -3, 6
0, -6, 2, 5
-3, -3, 3, 1
-4, 0, 4, -2
-4, 2, 2, -1
1, 1, -2, -3
0, 2, 4, 2
-5, -5, 3, 5
-1, -2, 1, 1

