-1
0
2
0
-2
0
1
0
0
0
-1
-1
1
2
-1
-2
0
1
0
0
0
0
0
0
0
-1
0
1
0
0
0
0
0
0
-1
0
2
1
-3
-1
2
0
-1
0
0
-1
0
1
-1
0
1
0
0
0
0
0
0
0
-1
0
1
0
-1
0
1
0
0
0
0
1
0
-1
0
2
-1
-2
1
2
0
-1
0
0
0
0
-1
-1
2
2
-1
-3
0
2
0
0
0
0
-1
0
2
0
-1
0
0
0
1
1
-1
-2
0
2
0
-1
0
1
0
-1
0
2
0
-3
0
3
0
-2
0
1
0
0
0
0
0
0
0
0
0
1
1
-1
-1
0
0
0
0
1
0
-2
-1
3
3
-3
-4
1
4
0
-2
0
1
0
-1
0
1
0
0
-1
-1
0
2
1
-2
-3
1
4
0
-3
0
2
0
-1
0
0
0
0
-1
0
1
1
0
-1
0
0
2
1
-2
-2
1
2
0
-1
0
0
0
0
0
0
0
0
0
0
1
0
-2
0
1
0
0
0
-1
-2
0
2
0
-1
-1
-1
1
2
-1
-1
-1
-6
3
21
10
-32
-35
22
46
2
-20
-16
-26
4
52
20
-44
-30
20
20
-3
-4
1
-4
-16
-1
35
22
-33
-36
9
26
9
-1
-6
-12
-6
8
10
0
-3
-2
-4
-1
5
4
-1
-2
-1
-1
1
4
0
-4
-1
3
0
-1
0
1
-1
-1
1
0
-1
0
0
0
0
0
0
-1
0
1
1
-1
-2
0
1
1
0
-1
0
1
0
-2
-2
1
4
0
-3
-2
1
1
0
0
0
0
0
0
0
0
1
0
-1
0
2
0
-2
1
3
-1
-2
0
1
0
0
1
-1
-3
0
3
1
-2
-2
0
1
1
0
-1
-1
1
1
0
-1
0
2
1
-2
-3
2
3
-1
-2
0
0
0
0
0
-1
0
1
-1
-2
1
2
0
-2
-2
2
3
-1
-3
0
1
0
0
0
0
0
0
0
0
1
0
-1
-1
0
2
1
-1
-2
0
1
0
0
0
0
0
0
1
0
0
0
0
0
0
1
0
-1
0
0
0
0
0
0
1
0
-3
-2
2
4
0
-3
0
1
0
0
0
0
0
0
0
0
0
0
0
0
0
0
0
-2
1
4
0
-3
-2
0
1
1
0
-1
-2
-1
2
3
0
-2
-2
0
0
2
1
-1
-3
0
2
0
-1
0
0
0
0
0
0
0
0
0
0
0
0
0
0
1
0
-1
0
1
0
-1
-1
0
1
1
0
-2
-1
1
1
0
0
-1
-1
1
2
-1
-2
0
1
0
0
0
0
0
0
1
0
0
-1
0
1
0
-1
0
0
0
0
0
-1
-1
1
0
-1
0
0
0
1
1
-2
-1
2
0
-2
0
1
0
-1
0
0
0
0
0
1
0
-2
0
2
2
-1
-2
0
1
0
0
1
0
-2
-2
1
3
0
-1
0
0
-1
0
2
0
-1
0
1
-1
-1
0
1
1
0
-2
-1
2
2
-2
-1
2
1
-2
0
2
0
-1
0
1
0
-1
0
0
0
0
0
2
0
-4
0
2
0
0
0
0
0
0
0
0
0
0
0
0
0
0
0
0
0
0
-1
0
2
0
-2
0
2
0
-2
0
2
1
-1
-1
0
0
0
-1
0
2
0
-2
0
1
0
-1
1
1
-1
-2
1
2
-2
-1
4
2
-4
-2
3
1
-1
0
0
0
0
0
0
0
0
0
0
